contour,relative_angle_deg,radius_мм,sigma_rr_mpa,sigma_tt_mpa,tau_rt_mpa
inner,-30.000000000000068,249.99999999999994,0.33568683616354666,0.20197134126178662,0.15602964963649155
inner,-29.850000000000026,249.99999999999997,0.259946613025637,0.1757793022931166,0.13252181702122234
inner,-29.700000000000088,249.99999999999997,0.1635903553888209,0.14390749270464098,0.09690527704604836
inner,-29.550000000000043,249.99999999999997,0.13229783808751955,0.13238412033892372,0.0776841405305154
inner,-29.400000000000105,249.99999999999997,0.11422245986057883,0.12290827093225555,0.06645225536776297
inner,-29.250000000000064,249.99999999999994,0.10232869349746812,0.11535783241243189,0.05890344254571657
inner,-29.100000000000122,249.99999999999994,0.0935029661007475,0.10902951054330311,0.05332996160463507
inner,-28.95000000000008,249.99999999999997,0.0865357838685222,0.10362936600468378,0.048938410241047926
inner,-28.800000000000143,249.99999999999994,0.08078649291953868,0.09892548457928253,0.04532573798077168
inner,-28.6500000000001,249.99999999999997,0.07589610025763693,0.09475724722240733,0.04226243678604648
inner,-28.50000000000006,249.99999999999997,0.07164093167143515,0.09100607511863021,0.03960650080164962
inner,-28.35000000000012,249.99999999999997,0.06787342230179756,0.08758418428364222,0.03726391983892226
inner,-28.200000000000077,249.99999999999994,0.06449088360829883,0.08442536951206633,0.03516922701083674
inner,-28.05000000000014,249.99999999999997,0.06141891417902609,0.0814790583676272,0.033274964450721076
inner,-27.900000000000098,249.99999999999994,0.05860172244734291,0.07870610642158647,0.031545592881144065
inner,-27.750000000000156,249.99999999999997,0.055996247618443545,0.07607585903101442,0.02995376229787103
inner,-27.600000000000115,249.99999999999997,0.05356841249873465,0.07356405172219013,0.02847792641511115
inner,-27.450000000000177,249.99999999999997,0.05129065006682644,0.07115129267931956,0.027100760281860304
inner,-27.300000000000132,249.99999999999997,0.04914021799072349,0.06882194997902703,0.025808078686864924
inner,-27.150000000000194,249.99999999999997,0.047098018876563286,0.06656332527163307,0.02458807756670718
inner,-27.000000000000153,249.99999999999994,0.0451477547030189,0.06436503269623317,0.02343078988004414
inner,-26.85000000000021,249.99999999999997,0.043275307983520445,0.062218526852903175,0.022327687476668474
inner,-26.70000000000017,249.99999999999994,0.041468280295408694,0.06011674036349597,0.021271384562005946
inner,-26.55000000000023,249.99999999999997,0.039715642287394506,0.05805380296516262,0.020255413256015813
inner,-26.40000000000019,249.99999999999994,0.03800746410498482,0.05602482192955806,0.019274051225940565
inner,-26.25000000000025,249.99999999999994,0.036334704789732185,0.05402570908015646,0.018322187541371885
inner,-26.100000000000207,249.99999999999997,0.034689045578861544,0.05205304356107,0.017395216998234292
inner,-25.950000000000166,249.99999999999994,0.03306275632535043,0.050103962268101744,0.016488955938568514
inner,-25.800000000000228,249.99999999999994,0.03144858723429314,0.0481760718714392,0.015599574505601987
inner,-25.650000000000187,249.99999999999994,0.029839680171520104,0.04626737782000827,0.014723541612071067
inner,-25.500000000000245,249.99999999999994,0.02822949525872427,0.04437622678401414,0.013857579851882256
inner,-25.350000000000204,249.99999999999994,0.026611749547900694,0.042501259822781495,0.012998628268694015
inner,-25.200000000000266,249.99999999999997,0.024980365319265417,0.04064137415330976,0.012143811394090596
inner,-25.050000000000225,249.99999999999997,0.023329426115576018,0.038795691852856,0.011290413335773478
inner,-24.900000000000283,249.99999999999997,0.021653139063098008,0.03696353420159945,0.010435855967745178
inner,-24.75000000000024,249.99999999999994,0.01994580232432168,0.03514440061600452,0.00957768048221578
inner,-24.600000000000303,249.99999999999994,0.018201776787001328,0.03333795134751375,0.008713531718616238
inner,-24.45000000000026,249.99999999999997,0.016415461275971217,0.03154399328310678,0.007841144805645309
inner,-24.30000000000032,249.99999999999997,0.014581270712477785,0.029762468307457757,0.0069583337452769995
inner,-24.15000000000028,249.99999999999994,0.01269361676536953,0.02799344379768882,0.006062981637406159
inner,-24.000000000000288,249.99999999999997,0.010746890618886017,0.026237104888732148,0.0051530323038553975
inner,-23.850000000000296,249.99999999999994,0.008735447561970273,0.02449374822142815,0.004226483114290817
inner,-23.70000000000031,249.99999999999997,0.00665359315085046,0.022763776933300006,0.0032813788507681145
inner,-23.550000000000317,249.99999999999997,0.00449557074646301,0.021047696691822416,0.0023158064790560415
inner,-23.400000000000276,249.99999999999997,0.002255550266089924,0.01934611260090722,0.0013278907177298946
inner,-23.250000000000334,249.99999999999997,-7.238198037115041e-05,0.017659726844388986,0.0003157903129948547
inner,-23.100000000000293,249.99999999999997,-0.002494232476772352,0.015989336947707003,-0.0007223050553079625
inner,-22.950000000000355,249.99999999999997,-0.005016108795931626,0.014335834551391514,-0.0017881772979091506
inner,-22.800000000000313,250.0,-0.007644227067509656,0.012700204611381861,-0.0028835819231587045
inner,-22.65000000000037,249.99999999999997,-0.010384918672655613,0.01108352494736045,-0.004010249569499077
inner,-22.50000000000033,249.99999999999997,-0.01324463620118685,0.00948696607029869,-0.005169887097112219
inner,-22.35000000000034,249.99999999999997,-0.01622995869490575,0.007911791229219294,-0.006364178267905833
inner,-22.20000000000035,249.99999999999997,-0.019347596197530893,0.006359356618812844,-0.007594784038253864
inner,-22.05000000000036,249.99999999999997,-0.022604393616543973,0.004831111696420564,-0.008863342483126327
inner,-21.900000000000368,250.0,-0.026007333896301,0.003328599553761401,-0.010171468365038145
inner,-21.750000000000377,249.99999999999997,-0.029563540486941972,0.001853457300924459,-0.011520752359410675
inner,-21.600000000000385,249.99999999999994,-0.033280279097736884,0.00040741641436260506,-0.012912759946543154
inner,-21.450000000000447,249.99999999999997,-0.03716495871192373,-0.001007696998280645,-0.014349029975242362
inner,-21.300000000000406,250.0,-0.041225131831145484,-0.0023899620628962987,-0.015831072901821494
inner,-21.150000000000464,250.0,-0.04546849391624864,-0.003737363180578074,-0.017360368707117903
inner,-21.000000000000423,249.99999999999997,-0.049902881979182835,-0.005047790288191582,-0.018938364492184508
inner,-20.850000000000485,249.99999999999997,-0.05453627228776427,-0.006319039395324691,-0.020566471752361593
inner,-20.70000000000039,250.0,-0.05937677712575283,-0.007548813439680964,-0.022246063328614233
inner,-20.550000000000402,250.00000000000003,-0.06443264055677564,-0.008734723515906907,-0.023978470033710245
inner,-20.40000000000046,250.0,-0.0697122331316127,-0.009874290529128108,-0.025764976951556204
inner,-20.25000000000042,250.00000000000003,-0.07522404547602789,-0.010964947324606704,-0.027606819407500725
inner,-20.100000000000428,250.00000000000003,-0.08097668069567839,-0.012004041354556374,-0.029505178606744335
inner,-19.95000000000044,249.99999999999997,-0.08697884552277857,-0.012988837929254923,-0.03146117694071568
inner,-19.800000000000498,250.0,-0.09323934014246248,-0.013916524116484166,-0.03347587295954782
inner,-19.650000000000457,250.0,-0.09976704662004428,-0.014784213341222893,-0.03555025601170498
inner,-19.500000000000465,250.00000000000003,-0.10657091585847105,-0.015588950745179308,-0.037685240551854245
inner,-19.350000000000477,250.0,-0.11365995301042989,-0.01632771936236233,-0.03988166011993622
inner,-19.200000000000486,250.00000000000003,-0.1210432012693062,-0.01699744715923501,-0.04214026099712257
inner,-19.050000000000495,250.00000000000006,-0.12872972396996432,-0.017595014997423226,-0.04446169554431351
inner,-18.900000000000503,250.00000000000003,-0.13672858493103465,-0.0181172655641131,-0.046846515235487704
inner,-18.75000000000051,250.0,-0.145048826979462,-0.01856101328968673,-0.049295163404614296
inner,-18.600000000000524,250.00000000000003,-0.15369944864047566,-0.018923055259113444,-0.051807967740262494
inner,-18.450000000000532,250.00000000000003,-0.16268937904316363,-0.019200183009377342,-0.05438513261097401
inner,-18.30000000000054,250.00000000000003,-0.17202745126951444,-0.01938919497872103,-0.05702673136936907
inner,-18.1500000000005,250.0,-0.1817223746129305,-0.019486909130687447,-0.059732698899301974
inner,-18.000000000000508,250.00000000000003,-0.1917827065907511,-0.019490175041871387,-0.06250282479047088
inner,-17.850000000000517,250.00000000000003,-0.20221682578675346,-0.019395884553360235,-0.06533674757131562
inner,-17.70000000000053,249.99999999999997,-0.2130329066743452,-0.01920098122233973,-0.06823395002019614
inner,-17.550000000000587,250.00000000000003,-0.22423889614580417,-0.018902469642605963,-0.07119375511333212
inner,-17.400000000000546,250.00000000000003,-0.2358424901902152,-0.018497426475050573,-0.0742153217904603
inner,-17.250000000000554,250.00000000000003,-0.2478511083381154,-0.01798301450608292,-0.07729763991563064
inner,-17.100000000000566,250.00000000000006,-0.2602718639706348,-0.017356498344689657,-0.08043952472624043
inner,-16.950000000000575,250.00000000000006,-0.27311153180954073,-0.01661526230855445,-0.08363961079772916
inner,-16.800000000000583,250.00000000000003,-0.28637651262997055,-0.015756828869765052,-0.08689634617557768
inner,-16.650000000000592,250.0,-0.30007279693534167,-0.014778875568202492,-0.09020798745838252
inner,-16.5000000000006,250.00000000000003,-0.3142059302238028,-0.013679253237389914,-0.09357259519301989
inner,-16.350000000000612,250.00000000000003,-0.32878097726516803,-0.01245600318127497,-0.09698803010707101
inner,-16.20000000000062,250.00000000000006,-0.3438024875269884,-0.011107374383779418,-0.10045195002881652
inner,-16.05000000000063,250.0,-0.35927446103415317,-0.009631839377381681,-0.1039618078471708
inner,-15.90000000000064,250.00000000000006,-0.3752003158766199,-0.00802811025774067,-0.10751485008119756
inner,-15.7500000000007,250.00000000000003,-0.3915828560688847,-0.006295154892284514,-0.11110811599410807
inner,-15.600000000000659,250.00000000000006,-0.4084242397334559,-0.004432211445606028,-0.11473843784760447
inner,-15.450000000000667,250.00000000000006,-0.4257259495406934,-0.002438801119611626,-0.11840244236537958
inner,-15.300000000000626,250.00000000000006,-0.4434887657821209,-0.0003147421237841355,-0.12209655249413882
inner,-15.150000000000635,250.00000000000009,-0.46171273907443056,0.0019398390169063674,-0.12581699050368264
inner,-15.000000000000645,250.00000000000003,-0.4803971663379606,0.004324497813745644,-0.12955978219150466
inner,-14.850000000000653,250.00000000000006,-0.49954056957919124,0.006838461213156962,-0.13332076143830762
inner,-14.700000000000664,250.00000000000006,-0.5191406747945757,0.009480621249763174,-0.1370955764714597
inner,-14.550000000000672,250.00000000000003,-0.5391943960926057,0.012249528826164164,-0.1408796968051721
inner,-14.400000000000631,250.00000000000003,-0.5596978213861422,0.015143389446092722,-0.14466842116461245
inner,-14.25000000000064,250.00000000000003,-0.5806462009905563,0.018160060648917214,-0.14845688632332385
inner,-14.10000000000065,250.00000000000006,-0.6020339393289527,0.02129705059635972,-0.15224007672781817
inner,-13.95000000000071,250.0,-0.6238545893125929,0.024551520934887383,-0.15601283571624452
inner,-13.800000000000669,250.00000000000006,-0.6461008521855739,0.027920289186254818,-0.1597698768569066
inner,-13.650000000000627,250.00000000000009,-0.6687645782893235,0.03139983229806401,-0.1635057958420812
inner,-13.500000000000636,250.00000000000006,-0.6918367704212436,0.03498629575925289,-0.16721508418335546
inner,-13.350000000000646,250.00000000000003,-0.7153075942124556,0.038675500966956024,-0.17089214256942814
inner,-13.200000000000655,250.00000000000003,-0.7391663883885904,0.0424629562741462,-0.1745312952942349
inner,-13.050000000000614,250.00000000000003,-0.7634016798752861,0.04634387015263506,-0.17812680528335076
inner,-12.900000000000622,249.99999999999997,-0.788001202496103,0.05031316375722141,-0.18167288890806427
inner,-12.750000000000632,250.00000000000003,-0.8129519167033027,0.0543654887119026,-0.18516373219787768
inner,-12.600000000000641,250.00000000000006,-0.8382400356962814,0.0584952440793451,-0.18859350657254614
inner,-12.450000000000651,250.00000000000003,-0.8638510519434036,0.06269659364685756,-0.19195638443154392
inner,-12.300000000000608,250.00000000000003,-0.8897697656336918,0.06696348861502462,-0.19524655609671962
inner,-12.150000000000619,250.0,-0.9159803198173422,0.07128968859859139,-0.19845824583120394
inner,-12.000000000000627,250.00000000000003,-0.9424662346886011,0.07566878304540843,-0.20158572753506332
inner,-11.850000000000637,250.00000000000003,-0.9692104433831251,0.08009421558361098,-0.20462334091802917
inner,-11.700000000000596,250.00000000000006,-0.9961953321135832,0.08455930833828149,-0.2075655072034491
inner,-11.550000000000605,250.00000000000003,-1.0234027814060256,0.0890572875130557,-0.2104067446498687
inner,-11.400000000000613,250.00000000000003,-1.050814209227307,0.09358130854030848,-0.213141683343431
inner,-11.250000000000675,250.00000000000003,-1.0784106143775647,0.09812448156500228,-0.2157650795252436
inner,-11.100000000000632,250.00000000000003,-1.106172621122237,0.10267989775458851,-0.21827182959152241
inner,-10.95000000000059,250.00000000000006,-1.1340805254451247,0.10724065526513328,-0.22065698335725561
inner,-10.80000000000065,249.99999999999997,-1.1621143415082502,0.11179988510694742,-0.22291575665232813
inner,-10.65000000000061,250.00000000000003,-1.190253848483442,0.11635077667502453,-0.22504354318213154
inner,-10.50000000000067,250.00000000000003,-1.2184786374847814,0.12088660281087972,-0.22703592560837532
inner,-10.350000000000628,249.99999999999997,-1.2467681583678287,0.1254007442446918,-0.22888868580987554
inner,-10.200000000000587,250.0,-1.2751017661621098,0.12988671328127277,-0.2305978142894369
inner,-10.050000000000596,250.00000000000003,-1.3034587669163304,0.1343381765904912,-0.23215951869887952
inner,-9.900000000000606,250.00000000000003,-1.3318184627334313,0.1387489769827547,-0.23357023146062017
inner,-9.750000000000563,250.00000000000003,-1.360160195787157,0.14311315405540784,-0.23482661647164002
inner,-9.600000000000573,250.0,-1.388463391137407,0.14742496359559445,-0.23592557488199078
inner,-9.450000000000582,250.00000000000006,-1.4167075981543038,0.15167889565070353,-0.236864249944515
inner,-9.300000000000592,249.99999999999997,-1.4448725303759316,0.15586969118726804,-0.23764003094080685
inner,-9.1500000000006,249.99999999999997,-1.4729381036622107,0.15999235725368927,-0.2382505561938733
inner,-9.00000000000056,249.99999999999997,-1.500884472495773,0.16404218059306133,-0.23869371518149107
inner,-8.85000000000062,249.99999999999997,-1.5286920642953414,0.1680147396478254,-0.23896764976588522
inner,-8.700000000000578,249.99999999999997,-1.5563416116224111,0.17190591483881376,-0.23907075455513288
inner,-8.550000000000587,250.0,-1.5838141823032719,0.17571189761558648,-0.239001676588026
inner,-8.400000000000597,249.99999999999997,-1.6110912076813881,0.17942919746856173,-0.2387593140576389
inner,-8.250000000000556,249.99999999999994,-1.6381545079359783,0.18305464700116722,-0.23834281423657586
inner,-8.100000000000616,249.99999999999994,-1.6649863149529749,0.1865854057864398,-0.2377515708722253
inner,-7.950000000000574,250.0,-1.6915692933996014,0.19001896243635732,-0.23698522083058937
inner,-7.800000000000634,249.99999999999994,-1.7178865591966255,0.1933531350630521,-0.23604364012734091
inner,-7.650000000000593,249.99999999999994,-1.7439216956097598,0.1965860701075024,-0.23492693938188564
inner,-7.500000000000552,249.99999999999997,-1.7696587671642845,0.19971624006985733,-0.23363545889202886
inner,-7.350000000000612,249.99999999999994,-1.7950823315738225,0.2027424394169079,-0.232169763043261
inner,-7.2000000000005695,249.99999999999997,-1.8201774487203282,0.2056637788315237,-0.23053063427070009
inner,-7.050000000000528,250.0,-1.8449296874123824,0.20847967859806527,-0.22871906683841065
inner,-6.900000000000588,249.99999999999997,-1.8693251305517795,0.21118986053019917,-0.22673626017101017
inner,-6.750000000000547,249.99999999999997,-1.8933503781280279,0.21379433908781836,-0.22458361206721422
inner,-6.6000000000005565,250.0,-1.9169925486538157,0.2162934113184609,-0.22226271157993732
inner,-6.450000000000566,249.99999999999997,-1.940239278280521,0.21868764547288957,-0.21977533162525117
inner,-6.300000000000524,249.99999999999997,-1.9630787179076266,0.22097786900961214,-0.21712342161892018
inner,-6.150000000000533,249.99999999999997,-1.9854995290959796,0.2231651557688346,-0.21430909997113146
inner,-6.000000000000543,249.99999999999997,-2.0074908785949805,0.2252508128312361,-0.2113346466702041
inner,-5.850000000000552,249.99999999999997,-2.0290424317491906,0.22723636652789198,-0.20820249568321897
inner,-5.700000000000511,250.0,-2.050144343965356,0.22912354766090112,-0.2049152273520584
inner,-5.55000000000052,249.99999999999994,-2.0707872509488583,0.23091427662672,-0.20147556101869774
inner,-5.400000000000529,249.99999999999994,-2.0909622585506815,0.2326106484081417,-0.19788634774420866
inner,-5.250000000000538,249.99999999999997,-2.1106609317569522,0.23421491727498928,-0.19415056307171052
inner,-5.100000000000497,250.0,-2.129875282489405,0.23572948106544844,-0.19027129986884964
inner,-4.950000000000506,249.99999999999997,-2.148597756516936,0.23715686553398568,-0.1862517614514442
inner,-4.800000000000516,249.99999999999997,-2.1668212202588695,0.23849970895048733,-0.18209525494033427
inner,-4.650000000000525,249.99999999999997,-2.184538947305598,0.23976074671932446,-0.17780518473490664
inner,-4.500000000000535,249.99999999999997,-2.2017446041960116,0.24094279592520962,-0.17338504615582295
inner,-4.350000000000493,250.0,-2.2184322357655564,0.24204874015821357,-0.16883841940779964
inner,-4.200000000000502,249.99999999999997,-2.234596250730973,0.24308151484735802,-0.16416896383498536
inner,-4.050000000000511,250.0,-2.2502314073398577,0.24404409280856593,-0.15938041231229322
inner,-3.900000000000521,250.0,-2.2653327985836214,0.24493946993340773,-0.15447656586324984
inner,-3.750000000000479,249.99999999999997,-2.2798958374684264,0.24577065145162566,-0.14946128865273975
inner,-3.6000000000004886,250.0,-2.2939162428302273,0.24654063872041507,-0.14433850319546393
inner,-3.450000000000498,250.00000000000003,-2.307390025247266,0.2472524163633865,-0.13911218575982232
inner,-3.300000000000507,250.00000000000003,-2.3203134729588393,0.24790893979015352,-0.13378636203414482
inner,-3.1500000000005164,250.00000000000006,-2.3326831382306,0.2485131233910241,-0.12836510312422575
inner,-3.0000000000004747,250.00000000000003,-2.3444958243106986,0.24906782924440005,-0.12285252171703095
inner,-2.850000000000484,250.00000000000006,-2.355748572554435,0.24957585623340914,-0.11725276846365276
inner,-2.7000000000004936,250.0,-2.366438649937572,0.2500399297491096,-0.11157002864546596
inner,-2.550000000000503,250.00000000000003,-2.376563537244655,0.2504626920129916,-0.10580851905719382
inner,-2.4000000000004613,250.0,-2.386120917745083,0.2508466928965685,-0.09997248506045116
inner,-2.2500000000004707,250.00000000000003,-2.395108666240383,0.2511943812262397,-0.09406619784933952
inner,-2.10000000000048,250.00000000000006,-2.4035248387482135,0.25150809671861635,-0.08809395195482222
inner,-1.9500000000004893,250.00000000000006,-2.4113676628605436,0.2517900624627511,-0.08206006288303369
inner,-1.8000000000004988,250.00000000000006,-2.4186355285479526,0.25204237786975586,-0.07596886492378914
inner,-1.650000000000457,250.00000000000006,-2.4253269795748023,0.25226701218650666,-0.06982470915443653
inner,-1.5000000000004665,250.00000000000006,-2.4314407056071583,0.25246579856280804,-0.06363196157206474
inner,-1.3500000000004757,250.00000000000006,-2.4369755348907907,0.25264042859882235,-0.0573950013561781
inner,-1.2000000000004851,250.00000000000006,-2.4419304275211324,0.25279244739860507,-0.05111821927042707
inner,-1.0500000000004945,250.00000000000003,-2.4463044693813694,0.25292324914936853,-0.04480601618224971
inner,-0.9000000000004529,250.00000000000003,-2.4500968667261454,0.2530340731785919,-0.038462801674891176
inner,-0.7500000000004622,250.0,-2.453306941360676,0.2531260004867232,-0.03209299275494632
inner,-0.6000000000004716,250.00000000000006,-2.455934126473409,0.2531999507687913,-0.02570101264749104
inner,-0.4500000000004809,250.00000000000003,-2.4579779631248058,0.2532566799064209,-0.019291289652265557
inner,-0.30000000000043936,249.99999999999997,-2.4594380973543295,0.25329677792042166,-0.012868256058778966
inner,-0.15000000000044866,249.99999999999994,-2.460314277933389,0.25332066738421827,-0.006436347110382971
inner,-4.579998741307465e-13,249.99999999999997,-2.4606063547679224,0.253328602292208,-6.761837074624169e-14
inner,0.14999999999958355,249.99999999999997,-2.4603142779336262,0.2533206673844321,0.006436347110268258
inner,0.2999999999995233,250.0,-2.459438097354313,0.25329677792084804,0.012868256058771258
inner,0.4499999999995649,250.0,-2.4579779631255456,0.2532566799056482,0.019291289652261647
inner,0.5999999999995556,250.00000000000006,-2.4559341264738235,0.2531999507683428,0.025701012647380846
inner,0.7499999999995463,250.00000000000003,-2.453306941360469,0.2531260004872059,0.03209299275482352
inner,0.899999999999537,250.00000000000006,-2.4500968667265273,0.2530340731788925,0.03846280167471081
inner,1.0499999999995784,250.00000000000003,-2.4463044693816562,0.252923249150323,0.04480601618198781
inner,1.1999999999995692,250.00000000000003,-2.4419304275224363,0.2527924473987924,0.05111821927029
inner,1.3499999999995598,250.00000000000009,-2.436975534892701,0.2526404285981459,0.05739500135617383
inner,1.4999999999995506,250.00000000000006,-2.431440705608548,0.25246579856267737,0.06363196157208068
inner,1.6499999999995412,250.00000000000009,-2.425326979576438,0.2522670121864578,0.06982470915445348
inner,1.7999999999995826,250.00000000000006,-2.4186355285486885,0.2520423778702481,0.07596886492378152
inner,1.9499999999995734,250.00000000000003,-2.4113676628596483,0.251790062464016,0.08206006288301339
inner,2.099999999999564,250.00000000000006,-2.4035248387479444,0.25150809671905233,0.08809395195478573
inner,2.2499999999995546,250.00000000000003,-2.3951086662413243,0.2511943812260112,0.09406619784934626
inner,2.3999999999995962,250.00000000000006,-2.386120917745876,0.2508466928970271,0.09997248506044346
inner,2.549999999999587,250.00000000000006,-2.376563537246127,0.25046269201311494,0.10580851905715202
inner,2.6999999999995774,250.00000000000009,-2.3664386499395906,0.25003992974915795,0.11157002864536028
inner,2.8499999999995684,250.00000000000003,-2.3557485725563545,0.24957585623405676,0.11725276846363081
inner,2.9999999999996096,250.0,-2.344495824312146,0.2490678292455381,0.12285252171717331
inner,3.1499999999996007,250.0,-2.3326831382311797,0.24851312339242496,0.1283651031244245
inner,3.2999999999995913,249.99999999999997,-2.320313472959716,0.24790893979042958,0.13378636203432992
inner,3.449999999999582,250.0,-2.307390025248282,0.24725241636333523,0.139112185759967
inner,3.5999999999996235,250.0,-2.2939162428308526,0.24654063872061885,0.1443385031956743
inner,3.749999999999614,249.99999999999997,-2.279895837468591,0.24577065145174798,0.14946128865294092
inner,3.8999999999996047,250.00000000000003,-2.2653327985838647,0.24493946993336377,0.15447656586344563
inner,4.049999999999596,249.99999999999997,-2.250231407340999,0.2440440928080391,0.159380412312479
inner,4.199999999999586,250.0,-2.234596250732997,0.24308151484643054,0.16416896383511112
inner,4.3499999999996275,250.00000000000003,-2.218432235767494,0.24204874015742495,0.16883841940788563
inner,4.499999999999618,250.0,-2.201744604197332,0.24094279592458687,0.17338504615588138
inner,4.649999999999609,249.99999999999997,-2.18453894730567,0.2397607467193949,0.17780518473498638
inner,4.799999999999599,249.99999999999997,-2.1668212202576465,0.23849970895112382,0.18209525494039536
inner,4.949999999999591,250.00000000000003,-2.148597756514409,0.23715686553474516,0.18625176145139152
inner,5.099999999999632,249.99999999999997,-2.1298752824853793,0.23572948106625788,0.19027129986864558
inner,5.2499999999996225,249.99999999999991,-2.1106609317520446,0.23421491727553126,0.19415056307137551
inner,5.399999999999613,249.99999999999994,-2.0909622585463232,0.23261064840769913,0.19788634774387484
inner,5.549999999999604,249.99999999999994,-2.070787250945086,0.23091427662637748,0.20147556101841377
inner,5.699999999999646,249.99999999999997,-2.0501443439622182,0.22912354766123014,0.20491522735185178
inner,5.849999999999636,249.99999999999997,-2.0290424317474436,0.22723636652780127,0.20820249568305133
inner,5.999999999999627,249.99999999999997,-2.007490878593125,0.22525081283153484,0.21133464667002935
inner,6.1499999999996176,249.99999999999994,-1.9854995290943729,0.22316515576841625,0.21430909997092473
inner,6.299999999999659,249.99999999999997,-1.963078717905966,0.22097786900890093,0.21712342161861778
inner,6.449999999999649,249.99999999999994,-1.9402392782782718,0.2186876454727115,0.21977533162494903
inner,6.59999999999964,249.99999999999994,-1.916992548651318,0.21629341131805652,0.22226271157963814
inner,6.749999999999631,249.99999999999997,-1.8933503781254615,0.213794339086864,0.22458361206686317
inner,6.899999999999622,249.99999999999994,-1.8693251305486738,0.21118986052917707,0.22673626017062537
inner,7.049999999999663,249.99999999999994,-1.8449296874093397,0.20847967859638694,0.22871906683801374
inner,7.199999999999654,249.99999999999994,-1.8201774487184712,0.20566377882916465,0.23053063427034837
inner,7.349999999999644,249.99999999999997,-1.795082331572501,0.20274243941541423,0.23216976304306086
inner,7.499999999999635,249.99999999999997,-1.7696587671633985,0.19971624006868494,0.23363545889199605
inner,7.649999999999677,249.99999999999994,-1.7439216956098806,0.1965860701057337,0.2349269393819058
inner,7.799999999999668,249.99999999999997,-1.7178865591964254,0.1933531350619677,0.23604364012741239
inner,7.949999999999658,249.99999999999997,-1.6915692933985251,0.19001896243583458,0.23698522083068208
inner,8.09999999999965,250.0,-1.6649863149526936,0.18658540578495905,0.2377515708722067
inner,8.249999999999691,250.00000000000003,-1.6381545079363793,0.18305464699935278,0.23834281423645243
inner,8.39999999999968,249.99999999999997,-1.61109120768159,0.1794291974670036,0.23875931405744336
inner,8.549999999999672,249.99999999999997,-1.5838141823020666,0.17571189761513195,0.23900167658785762
inner,8.699999999999662,249.99999999999997,-1.5563416116205524,0.1719059148388557,0.23907075455496923
inner,8.849999999999653,249.99999999999997,-1.528692064294734,0.16801473964712313,0.23896764976576004
inner,8.999999999999694,250.0,-1.5008844724957882,0.16404218059282472,0.2386937151815191
inner,9.149999999999686,249.99999999999997,-1.47293810366275,0.1599923572539572,0.23825055619407273
inner,9.299999999999676,249.99999999999997,-1.444872530377467,0.15586969118675967,0.2376400309410929
inner,9.449999999999667,249.99999999999997,-1.4167075981565558,0.15167889564937825,0.2368642499447383
inner,9.599999999999657,250.0,-1.3884633911394855,0.1474249635941925,0.23592557488208757
inner,9.749999999999698,249.99999999999997,-1.3601601957873388,0.14311315405493358,0.23482661647147696
inner,9.89999999999969,250.0,-1.3318184627318501,0.13874897698290534,0.2335702314602333
inner,10.049999999999681,250.0,-1.3034587669138393,0.13433817659069125,0.23215951869839263
inner,10.19999999999967,250.00000000000003,-1.275101766158653,0.12988671328201723,0.23059781428888343
inner,10.349999999999712,250.0,-1.246768158365028,0.12540074424531963,0.22888868580940286
inner,10.499999999999703,250.00000000000003,-1.218478637484107,0.1208866028105084,0.2270359256081695
inner,10.649999999999693,250.0,-1.1902538484839238,0.11635077667419853,0.2250435431821162
inner,10.799999999999685,250.0,-1.1621143415095478,0.11179988510556767,0.22291575665228397
inner,10.949999999999676,250.00000000000003,-1.134080525446177,0.10724065526410397,0.2206569833571863
inner,11.099999999999717,250.0,-1.106172621121929,0.10267989775439204,0.2182718295914311
inner,11.249999999999707,250.00000000000003,-1.078410614375931,0.098124481565144,0.21576507952506208
inner,11.399999999999698,250.0,-1.0508142092253663,0.09358130853981884,0.21314168334321534
inner,11.549999999999688,250.0,-1.0234027814041216,0.08905728751168454,0.21040674464957335
inner,11.699999999999731,250.0,-0.996195332111443,0.08455930833672937,0.2075655072030169
inner,11.84999999999972,250.00000000000003,-0.9692104433814075,0.08009421558216123,0.20462334091762152
inner,11.999999999999712,250.00000000000003,-0.9424662346867665,0.07566878304503936,0.2015857275348317
inner,12.149999999999702,250.00000000000003,-0.9159803198149137,0.07128968859874557,0.19845824583103217
inner,12.299999999999693,250.0,-0.889769765631614,0.06696348861420726,0.19524655609652772
inner,12.449999999999735,250.00000000000003,-0.8638510519425793,0.06269659364504279,0.19195638443143032
inner,12.599999999999724,250.00000000000006,-0.8382400356970525,0.0584952440766283,0.1885935065726152
inner,12.749999999999716,250.00000000000003,-0.8129519167043141,0.054365488708935046,0.18516373219806043
inner,12.899999999999707,250.00000000000006,-0.7880012024960149,0.05031316375460947,0.1816728889081195
inner,13.049999999999748,250.00000000000003,-0.7634016798747075,0.04634387014992377,0.17812680528327715
inner,13.199999999999738,250.00000000000003,-0.7391663883889039,0.04246295627057348,0.1745312952942113
inner,13.34999999999973,250.00000000000003,-0.7153075942144589,0.03867550096236382,0.17089214256955756
inner,13.49999999999972,250.00000000000003,-0.6918367704239083,0.03498629575489476,0.16721508418360723
inner,13.649999999999762,250.00000000000003,-0.6687645782915584,0.0313998322947279,0.16350579584220548
inner,13.799999999999752,250.00000000000003,-0.646100852186774,0.027920289184360805,0.1597698768568855
inner,13.949999999999743,250.00000000000003,-0.623854589313428,0.024551520933615963,0.1560128357162522
inner,14.099999999999733,250.00000000000006,-0.6020339393294153,0.021297050595474556,0.15224007672787926
inner,14.249999999999725,250.00000000000003,-0.5806462009911361,0.01816006064772282,0.1484568863234795
inner,14.399999999999766,250.00000000000006,-0.5596978213878345,0.015143389443663101,0.1446684211649266
inner,14.549999999999757,250.00000000000006,-0.53919439609551,0.012249528823067214,0.14087969680567047
inner,14.699999999999747,250.00000000000006,-0.5191406747978701,0.00948062124679852,0.13709557647220974
inner,14.849999999999739,250.00000000000003,-0.49954056958203824,0.006838461209983352,0.133320761439141
inner,14.99999999999978,250.00000000000006,-0.48039716634088503,0.004324497809736955,0.1295597821922512
inner,15.14999999999977,250.00000000000003,-0.4617127390770084,0.0019398390131432127,0.12581699050433684
inner,15.299999999999761,250.00000000000003,-0.44348876578392254,-0.0003147421267897261,0.12209655249464406
inner,15.44999999999975,250.00000000000006,-0.4257259495429787,-0.0024388011227151596,0.11840244236580853
inner,15.599999999999742,250.00000000000003,-0.40842423973604214,-0.004432211448296903,0.11473843784819945
inner,15.749999999999783,250.00000000000003,-0.3915828560706737,-0.00629515489431615,0.11110811599471135
inner,15.899999999999775,250.00000000000006,-0.3752003158773613,-0.00802811025991916,0.10751485008156367
inner,16.049999999999766,250.00000000000006,-0.3592744610341494,-0.009631839379946952,0.1039618078473174
inner,16.199999999999754,250.00000000000006,-0.34380248752705733,-0.01110737438625907,0.10045195002891283
inner,16.3499999999998,250.00000000000003,-0.32878097726617794,-0.012456003183697915,0.09698803010740296
inner,16.499999999999787,250.00000000000006,-0.314205930225535,-0.013679253239727605,0.09357259519353811
inner,16.64999999999978,250.00000000000003,-0.30007279693730315,-0.014778875569992207,0.09020798745909274
inner,16.79999999999977,250.00000000000006,-0.28637651263308794,-0.015756828871814163,0.08689634617655702
inner,16.94999999999976,250.00000000000003,-0.2731115318132321,-0.016615262310500922,0.08363961079889017
inner,17.099999999999802,250.00000000000003,-0.2602718639740457,-0.017356498346148306,0.08043952472745593
inner,17.24999999999979,250.00000000000003,-0.247851108342386,-0.017983014508463256,0.0772976399169403
inner,17.399999999999782,250.00000000000003,-0.23584249019501463,-0.018497426478013848,0.0742153217919547
inner,17.549999999999773,250.00000000000003,-0.22423889615023873,-0.018902469645230895,0.07119375511494494
inner,17.699999999999815,250.00000000000003,-0.21303290667967606,-0.019200981225666526,0.06823395002192019
inner,17.849999999999806,250.0,-0.2022168257929374,-0.019395884556863092,0.06533674757318794
inner,17.999999999999797,250.00000000000006,-0.19178270659717958,-0.019490175044895905,0.0625028247924515
inner,18.149999999999785,250.00000000000003,-0.181722374619607,-0.01948690913377182,0.05973269890129044
inner,18.29999999999983,250.00000000000003,-0.1720274512760151,-0.019389194981996975,0.05702673137129192
inner,18.449999999999818,250.00000000000003,-0.162689379049387,-0.01920018301276168,0.05438513261278831
inner,18.59999999999981,250.00000000000003,-0.1536994486458453,-0.018923055261870648,0.05180796774189283
inner,18.7499999999998,250.00000000000003,-0.14504882698400143,-0.01856101329186593,0.049295163405939105
inner,18.899999999999842,250.00000000000003,-0.13672858493440213,-0.01811726556553189,0.0468465152366432
inner,19.049999999999834,250.00000000000003,-0.12872972397219518,-0.017595014998129804,0.04446169554545963
inner,19.199999999999825,249.99999999999997,-0.12104320127261267,-0.016997447160587723,0.04214026099839693
inner,19.349999999999813,249.99999999999997,-0.11365995301520813,-0.016327719364229026,0.03988166012155513
inner,19.499999999999805,250.00000000000003,-0.10657091586410519,-0.015588950747048963,0.03768524055361546
inner,19.649999999999796,250.00000000000006,-0.0997670466253337,-0.014784213342348265,0.035550256013573325
inner,19.799999999999837,249.99999999999997,-0.0932393401472808,-0.013916524117645893,0.033475872961392594
inner,19.94999999999983,250.00000000000006,-0.0869788455277932,-0.01298883793097435,0.03146117694250909
inner,20.099999999999817,250.00000000000003,-0.0809766807003298,-0.012004041355889937,0.029505178608555335
inner,20.249999999999808,250.0,-0.07522404548047386,-0.010964947325826204,0.02760681940922276
inner,20.39999999999985,250.0,-0.06971223313600608,-0.00987429053062055,0.025764976953179853
inner,20.54999999999984,250.0,-0.06443264056071685,-0.00873472351736329,0.023978470035157528
inner,20.699999999999832,249.99999999999997,-0.059376777129357336,-0.007548813441083029,0.02224606333004093
inner,20.849999999999824,250.0,-0.05453627229199995,-0.006319039397663846,0.02056647175379733
inner,20.999999999999865,250.00000000000003,-0.04990288198306819,-0.0050477902903512135,0.018938364493617587
inner,21.149999999999856,249.99999999999997,-0.04546849391969465,-0.0037373631826260858,0.017360368708559032
inner,21.299999999999844,250.0,-0.04122513183465541,-0.002389962065123069,0.01583107290319626
inner,21.449999999999836,249.99999999999997,-0.03716495871525166,-0.0010076969996917322,0.014349029976645273
inner,21.599999999999827,249.99999999999997,-0.03328027910147055,0.00040741641346417074,0.01291275994800571
inner,21.74999999999987,250.0,-0.029563540491031253,0.0018534573005851468,0.011520752360918936
inner,21.89999999999986,249.99999999999997,-0.026007333900282665,0.0033285995536648204,0.010171468366693824
inner,22.04999999999985,249.99999999999997,-0.022604393619845883,0.0048311116957430005,0.008863342484644446
inner,22.19999999999984,249.99999999999997,-0.019347596200545714,0.006359356617243291,0.007594784039407873
inner,22.34999999999988,250.0,-0.016229958698117594,0.007911791227675515,0.00636417826904199
inner,22.499999999999872,249.99999999999997,-0.013244636204146929,0.009486966069821561,0.005169887098423455
inner,22.649999999999864,249.99999999999997,-0.010384918674973861,0.011083524947786728,0.004010249570761596
inner,22.799999999999855,249.99999999999997,-0.007644227069410394,0.012700204611832907,0.002883581924153927
inner,22.949999999999896,249.99999999999994,-0.005016108797872334,0.01433583455139591,0.0017881772987376728
inner,23.099999999999888,250.0,-0.0024942324790878695,0.015989336947349386,0.0007223050562741619
inner,23.249999999999876,249.99999999999997,-7.238198263743306e-05,0.017659726844054754,-0.00031579031186444034
inner,23.399999999999867,249.99999999999997,0.0022555502639550265,0.019346112600474013,-0.0013278907166908004
inner,23.54999999999986,249.99999999999994,0.004495570744976611,0.021047696691792475,-0.0023158064780315194
inner,23.6999999999999,249.99999999999997,0.006653593150663062,0.022763776933511816,-0.003281378849849679
inner,23.84999999999989,249.99999999999994,0.008735447561981486,0.02449374822048566,-0.004226483113722143
inner,23.999999999999883,249.99999999999997,0.010746890618351322,0.026237104886542552,-0.005153032303454973
inner,24.14999999999987,249.99999999999997,0.01269361676449374,0.02799344379444133,-0.006062981637122122
inner,24.299999999999912,249.99999999999997,0.014581270711756309,0.029762468303655913,-0.006958333745189037
inner,24.449999999999903,249.99999999999997,0.01641546127545862,0.03154399327954458,-0.007841144805576978
inner,24.599999999999895,249.99999999999997,0.018201776786663057,0.03333795134440093,-0.008713531718513124
inner,24.749999999999886,249.99999999999997,0.01994580232323761,0.03514440061216496,-0.00957768048228965
inner,24.899999999999878,249.99999999999997,0.021653139061441187,0.03696353419772656,-0.010435855967747511
inner,25.04999999999992,249.99999999999997,0.023329426114419342,0.03879569185060202,-0.011290413335437384
inner,25.199999999999907,249.99999999999997,0.02498036531828502,0.04064137415197672,-0.012143811393676237
inner,25.3499999999999,250.0,0.026611749547530428,0.042501259821781205,-0.012998628268480292
inner,25.49999999999989,249.99999999999997,0.02822949525833772,0.0443762267822654,-0.013857579851902911
inner,25.64999999999993,249.99999999999994,0.029839680170967366,0.046267377818124636,-0.014723541612115289
inner,25.799999999999923,249.99999999999997,0.031448587234059716,0.04817607187030611,-0.015599574505414472
inner,25.949999999999914,249.99999999999994,0.033062756324309536,0.05010396226635979,-0.0164889559381543
inner,26.099999999999902,249.99999999999994,0.03468904557814402,0.052053043559584594,-0.017395216997637578
inner,26.249999999999893,249.99999999999997,0.03633470478947938,0.05402570907857787,-0.0183221875406783
inner,26.399999999999935,249.99999999999997,0.03800746410329973,0.05602482192631114,-0.019274051225090044
inner,26.549999999999926,249.99999999999997,0.0397156422848513,0.05805380296172164,-0.020255413254856133
inner,26.699999999999918,249.99999999999997,0.04146828029267331,0.060116740360921204,-0.021271384560694474
inner,26.84999999999991,249.99999999999997,0.04327530798055096,0.0622185268508689,-0.022327687475196735
inner,26.99999999999995,249.99999999999994,0.04514775469930789,0.0643650326940036,-0.02343078987837304
inner,27.149999999999938,249.99999999999997,0.04709801887264185,0.06656332527025395,-0.02458807756479603
inner,27.29999999999993,249.99999999999994,0.04914021798643638,0.0688219499785869,-0.025808078684733525
inner,27.44999999999992,249.99999999999997,0.0512906500620314,0.07115129267930864,-0.027100760279658298
inner,27.599999999999913,249.99999999999997,0.05356841249462807,0.07356405172294114,-0.02847792641295885
inner,27.749999999999954,249.99999999999997,0.05599624761434556,0.07607585903123305,-0.029953762295857396
inner,27.899999999999945,249.99999999999994,0.058601722442235785,0.07870610642110576,-0.031545592879055465
inner,28.049999999999933,249.99999999999994,0.06141891417381745,0.08147905836833724,-0.033274964448320746
inner,28.199999999999925,249.99999999999997,0.0644908836025043,0.08442536951390876,-0.03516922700810639
inner,28.349999999999966,249.99999999999994,0.06787342229512075,0.08758418428657273,-0.037263919835874224
inner,28.499999999999957,249.99999999999994,0.07164093166514497,0.09100607512330947,-0.03960650079861884
inner,28.64999999999995,249.99999999999994,0.07589610025109132,0.09475724722772497,-0.04226243678317386
inner,28.79999999999994,249.99999999999997,0.08078649291167911,0.09892548458494028,-0.045325737977717204
inner,28.94999999999993,249.99999999999997,0.08653578385918559,0.10362936601168805,-0.048938410237445995
inner,29.09999999999997,249.99999999999997,0.09350296609046797,0.10902951055320534,-0.05332996160046015
inner,29.24999999999996,250.0,0.10232869348674853,0.11535783242655753,-0.05890344254136505
inner,29.399999999999952,249.99999999999994,0.1142224598479053,0.1229082709503338,-0.0664522553638471
inner,29.549999999999944,249.99999999999994,0.13229783807237125,0.1323841203632489,-0.07768414052804372
inner,29.699999999999935,249.99999999999997,0.16359035536971456,0.14390749273940678,-0.09690527704811049
inner,29.849999999999977,249.99999999999997,0.2599466130131623,0.17577930235503667,-0.1325218170354404
inner,29.999999999999964,249.99999999999997,0.3356868361609745,0.20197134134522637,-0.15602964965922492
mid,-30.000000000000068,274.9183921033229,0.02937365823546314,-7.347320111022321e-06,0.0011081859882029832
mid,-29.830803015133508,274.9183921033229,0.029659439774844684,-1.1436436254954122e-05,0.0020640435898834986
mid,-29.66160603026695,274.91839210332296,0.03021720396368336,-1.7456954035070457e-05,0.004034636460518153
mid,-29.49240904540039,274.9183921033229,0.03074264157617662,-1.7242586008683197e-05,0.005955612526486663
mid,-29.32321206053393,274.9183921033229,0.031225945372852004,-6.3277933732234365e-06,0.007834772141467413
mid,-29.15401507566737,274.9183921033229,0.03165901588008369,1.860102691045914e-05,0.00967785475620928
mid,-28.98481809080081,274.9183921033229,0.03203542283216551,5.974383977498665e-05,0.01148882090680944
mid,-28.81562110593425,274.9183921033229,0.032350337780349556,0.00011824504447037303,0.013270137738635274
mid,-28.646424121067795,274.9183921033229,0.032600438951195965,0.0001942697431357894,0.015023056159918252
mid,-28.477227136201236,274.9183921033229,0.03278379212500407,0.0002870955337318931,0.016747870294195073
mid,-28.308030151334677,274.9183921033229,0.03289971258051021,0.0003952159572665338,0.018444152596488055
mid,-28.138833166468117,274.9183921033229,0.03294861387877031,0.0005164512734477341,0.020110960506040994
mid,-27.969636181601658,274.9183921033229,0.032931849403893654,0.0006480622750072958,0.021747012665462695
mid,-27.8004391967351,274.9183921033229,0.032851552134987805,0.0007868630728149607,0.023350834501500967
mid,-27.63124221186854,274.9183921033229,0.03271047749278189,0.0009293293944356203,0.02492087436553409
mid,-27.46204522700198,274.9183921033229,0.032511853264489556,0.001071699604578684,0.026455592397523583
mid,-27.292848242135523,274.9183921033229,0.03225923966575083,0.0012100663254444488,0.027953524924129725
mid,-27.123651257268964,274.9183921033229,0.03195640173058909,0.0013404573006705798,0.029413327570300636
mid,-26.954454272402405,274.9183921033229,0.03160719539231772,0.0014589047575346518,0.030833800349454356
mid,-26.785257287535845,274.9183921033229,0.031215467895953575,0.0015615030736016678,0.03221389794270066
mid,-26.616060302669386,274.9183921033229,0.030784972561787097,0.0016444550110005177,0.03355272818274201
mid,-26.446863317802826,274.91839210332296,0.030319297482285075,0.0017041071718279796,0.03484954147879051
mid,-26.277666332936267,274.9183921033229,0.029821807346662035,0.0017369755320409738,0.03610371357436613
mid,-26.108469348069708,274.9183921033229,0.029295597324652756,0.0017397620922361065,0.03731472369467144
mid,-25.93927236320325,274.9183921033229,0.028743457812010424,0.0017093637936942529,0.03848212979202282
mid,-25.770075378336692,274.9183921033229,0.028167848745009418,0.0016428748500277382,0.03960554225774324
mid,-25.60087839347013,274.9183921033229,0.02757088216615109,0.0015375836238339328,0.04068459718288554
mid,-25.43168140860357,274.9183921033229,0.026954311764994937,0.0013909651266481755,0.04171892997487085
mid,-25.262484423737114,274.9183921033229,0.02631952818457483,0.0012006701398410875,0.04270814991523195
mid,-25.093287438870554,274.9183921033229,0.02566755895024687,0.0009645118194733671,0.043651816042065986
mid,-24.924090454003995,274.9183921033229,0.02499907202073017,0.0006804505903693862,0.04454941459251722
mid,-24.754893469137436,274.9183921033229,0.024314382044951427,0.0003465779832992205,0.04540033811201367
mid,-24.585696484270976,274.9183921033229,0.023613458519108,-3.8900023596650374e-05,0.04620386624197574
mid,-24.416499499404367,274.9183921033229,0.0228959351668458,-0.00047767967786379456,0.04695914812643411
mid,-24.247302514537857,274.9183921033229,0.022161119939960845,-0.0009713757907734606,0.04766518632460389
mid,-24.078105529671298,274.9183921033229,0.021408005165208407,-0.0015215374162018992,0.04832082208673507
mid,-23.90890854480484,274.9183921033229,0.02063527740730687,-0.0021296626608476865,0.048924721830503934
mid,-23.739711559938282,274.9183921033229,0.019841326720263935,-0.0027972124588542813,0.049475364640259915
mid,-23.570514575071723,274.9183921033229,0.019024255011912263,-0.0035256231713815707,0.0499710306224241
mid,-23.401317590205164,274.91839210332296,0.018181883286865368,-0.004316317943359002,0.05040978994468126
mid,-23.232120605338704,274.9183921033229,0.017311757606204084,-0.005170716751700253,0.05078949239425445
mid,-23.062923620472144,274.9183921033229,0.016411153596047917,-0.006090245111865317,0.05110775731518313
mid,-22.893726635605585,274.9183921033229,0.015477079392187041,-0.0070763414206116565,0.0513619637893231
mid,-22.724529650739026,274.9183921033229,0.014506276927798944,-0.008130462921491971,0.051549240938759906
mid,-22.55533266587257,274.9183921033229,0.013495221452205771,-0.009254090292809967,0.05166645825095971
mid,-22.38613568100601,274.91839210332296,0.012440119217383708,-0.010448730824083523,0.0517102158388789
mid,-22.21693869613945,274.9183921033229,0.011336903246417718,-0.011715920182430572,0.0516768345586741
mid,-22.04774171127289,274.9183921033229,0.010181227086715677,-0.013057222750324879,0.05156234593390005
mid,-21.87854472640643,274.9183921033229,0.008968456473116636,-0.014474230471697686,0.051362481847534884
mid,-21.709347741539872,274.91839210332296,0.007693658802890267,-0.01596856018109066,0.05107266396900434
mid,-21.540150756673313,274.91839210332296,0.0063515903112283355,-0.01754184933643437,0.05068799291609549
mid,-21.370953771806754,274.9183921033229,0.004936680815715678,-0.01919575008204513,0.05020323715702332
mid,-21.201756786940297,274.91839210332296,0.0034430158974561413,-0.02093192153960714,0.04961282167864499
mid,-21.032559802073735,274.91839210332296,0.0018643163741829914,-0.022752020201995158,0.04891081647109824
mid,-20.86336281720728,274.9183921033229,0.0001939148895416347,-0.024657688289767502,0.048090924892402805
mid,-20.69416583234092,274.91839210332296,-0.0015752705853417093,-0.026650539916837388,0.04714647200944644
mid,-20.524968847475176,274.9183921033229,-0.0034507665328086575,-0.028732144866447366,0.046070393038048205
mid,-20.355771862611316,274.91839210332296,-0.0054405771658728175,-0.030904009773934465,0.04485522202516005
mid,-20.18657487775407,274.91839210332296,-0.007553221455083177,-0.03316755649839698,0.04349308095874467
mid,-20.017377892918244,274.91839210332296,-0.00979777415802786,-0.03552409741003459,0.041975669534518714
mid,-19.84818090815051,274.91839210332296,-0.012183911115742692,-0.03797480732829391,0.04029425584758285
mid,-19.678983923592085,274.91839210332296,-0.014721959070977873,-0.040520691815403874,0.03843966832623094
mid,-19.50978693966142,274.91839210332296,-0.017422950299682168,-0.04316255151275429,0.03640228928928736
mid,-19.340589957546882,274.918392103323,-0.02029868232272905,-0.04590094217636721,0.03417205058557066
mid,-19.17139298054006,274.91839210332296,-0.023361782941663543,-0.048736130058027564,0.0317384318587898
mid,-19.00219601749129,274.91839210332296,-0.026625780842283394,-0.05166804225723824,0.029090462103308568
mid,-18.8329990912506,274.91839210332296,-0.030105181966520095,-0.054696211579105355,0.026216725375104877
mid,-18.663802259893128,274.91839210332296,-0.03381555178896251,-0.057819715332510006,0.023105371841449066
mid,-18.49460566402632,274.918392103323,-0.03777360355827346,-0.061037107196867425,0.019744135987153074
mid,-18.32540963717545,274.918392103323,-0.04199729234855964,-0.06434634067728164,0.016120365019622083
mid,-18.1562149431979,274.91839210332296,-0.046505914195472974,-0.06774468155457941,0.012221062756469626
mid,-17.987023265414194,274.91839210332296,-0.051320209114901205,-0.07122860406313804,0.00803295930398094
mid,-17.81783825192686,274.918392103323,-0.05646246199227936,-0.07479366240238709,0.0035426237968150145
mid,-17.648667394592405,274.91839210332296,-0.061956594961945936,-0.07843432124065444,-0.001263346485913741
mid,-17.479525797143857,274.91839210332296,-0.06782822660286603,-0.08214371927705624,-0.006398004878163426
mid,-17.3104426048896,274.918392103323,-0.07410465211473818,-0.08591333159949452,-0.011873518367031911
mid,-17.141471633409136,274.91839210332296,-0.08081468094289879,-0.08973247582352004,-0.017700276319558096
mid,-16.972708982284882,274.918392103323,-0.08798811617178982,-0.09358764242773587,-0.02388552084686611
mid,-16.804314533884583,274.91839210332296,-0.09565467157974826,-0.09746169445410273,-0.03043144179117239
mid,-16.636537112665227,274.91839210332296,-0.10384197196220674,-0.10133314605564822,-0.03733292760751748
mid,-16.4697279612706,274.918392103323,-0.112572481077273,-0.10517596871055111,-0.0445756530467027
mid,-16.30432709269947,274.918392103323,-0.12185976334814932,-0.1089606118759031,-0.05213585339051593
mid,-16.1407919847605,274.918392103323,-0.13170659323020745,-0.11265639703233579,-0.05998274691950098
mid,-15.979507947019655,274.918392103323,-0.14210679712561933,-0.11623463795804947,-0.06808326088075516
mid,-15.820696460109103,274.91839210332296,-0.15305126312611408,-0.11967113258758949,-0.07640717470924255
mid,-15.664394231385417,274.918392103323,-0.16453516001430746,-0.12294693727280279,-0.08493017083870746
mid,-15.510491008624223,274.91839210332296,-0.17656142030933092,-0.12604776767701348,-0.09363455385687171
mid,-15.358760930948145,274.918392103323,-0.18914233429378519,-0.12896241684891235,-0.10250777930461563
mid,-15.208956757726508,274.918392103323,-0.20229707079988554,-0.1316811047274545,-0.1115395859610849
mid,-15.060836381181465,274.918392103323,-0.21604712194064274,-0.1341945814247646,-0.12072028332620628
mid,-14.914158187932964,274.918392103323,-0.23041584334612297,-0.13649357646695726,-0.13003953243619948
mid,-14.768729976134862,274.918392103323,-0.2454258323713547,-0.13856871511122848,-0.13948537012866657
mid,-14.624370598412696,274.918392103323,-0.26109801449219844,-0.1404103560617585,-0.14904358036401355
mid,-14.480956012398442,274.91839210332296,-0.27745007717678777,-0.14200911932244403,-0.15869798448398656
mid,-14.338346420571563,274.91839210332296,-0.2944976595213481,-0.14335586891573257,-0.16843086952545372
mid,-14.196444639878766,274.918392103323,-0.31225446116865785,-0.14444207518691776,-0.17822277549313822
mid,-14.055160594744681,274.91839210332296,-0.3307305651206038,-0.14525974770471475,-0.1880521451009733
mid,-13.914440516481724,274.91839210332296,-0.3499319937982731,-0.145802034134995,-0.19789640946359027
mid,-13.774197090986396,274.918392103323,-0.36986339922081163,-0.14606285148859374,-0.207731914867042
mid,-13.634404805866785,274.91839210332296,-0.3905255440488888,-0.14603761455716804,-0.21753405831576234
mid,-13.494999043916154,274.9183921033231,-0.4119161968101508,-0.14572275192041,-0.2272778111012097
mid,-13.355946097525713,274.91839210332296,-0.43403140402972307,-0.14511615681913648,-0.2369376792911942
mid,-13.217214645918208,274.91839210332296,-0.4568628942685641,-0.14421709977354108,-0.2464877167890442
mid,-13.078775701352882,274.91839210332296,-0.48039990584089315,-0.14302628597057282,-0.25590213092686015
mid,-12.940602536527411,274.918392103323,-0.5046292112249126,-0.14154584867165387,-0.2651554321723506
mid,-12.802670597660159,274.91839210332296,-0.5295351482979426,-0.13977932940065807,-0.27422256055181893
mid,-12.664958362005276,274.918392103323,-0.5550993221925313,-0.13773164801372326,-0.2830785898559748
mid,-12.527466344081503,274.918392103323,-0.5812994761904314,-0.13540936340981263,-0.29169964994064757
mid,-12.390156581678413,274.918392103323,-0.6081131658690192,-0.1328198925866558,-0.3000630067747311
mid,-12.253021943236556,274.918392103323,-0.6355159678794307,-0.12997212865258162,-0.3081466713220008
mid,-12.116057466594206,274.918392103323,-0.663479553009386,-0.12687623543428594,-0.31592985022447345
mid,-11.979238499562658,274.91839210332296,-0.6919754080329534,-0.123543156640225,-0.32339296814154905
mid,-11.842568776900661,274.91839210332296,-0.7209725413560384,-0.1199851476915905,-0.330517912031023
mid,-11.70602934586566,274.918392103323,-0.7504387883756563,-0.11621507212979944,-0.33728803528003415
mid,-11.569610762380206,274.91839210332296,-0.7803412149972917,-0.11224663083192783,-0.34368800823438905
mid,-11.433318950618728,274.91839210332296,-0.8106441553113597,-0.10809446778049261,-0.3497042852935931
mid,-11.297130516921364,274.91839210332296,-0.841312827746908,-0.10377330938126486,-0.3553249337590498
mid,-11.161041847749358,274.91839210332296,-0.8723114326258163,-0.09929857814130698,-0.36053942512003845
mid,-11.02506211104827,274.91839210332296,-0.903601455043614,-0.09468634695919459,-0.3653391012440633
mid,-10.889170876407297,274.91839210332296,-0.9351461211534963,-0.08995238239934547,-0.3697169565110898
mid,-10.753364271671696,274.91839210332296,-0.9669088089770594,-0.0851127308150528,-0.37366768817279794
mid,-10.617638588844102,274.918392103323,-0.9988514681985142,-0.08018357547087553,-0.3771874788976809
mid,-10.481992924664596,274.91839210332296,-1.0309358082392872,-0.07518108444832654,-0.3802741547195232
mid,-10.3464263497982,274.9183921033229,-1.0631239151539589,-0.07012122714400017,-0.382927261916423
mid,-10.210929220142129,274.91839210332296,-1.095379158251863,-0.06501950437289926,-0.3851478162304507
mid,-10.075498515721236,274.91839210332296,-1.1276652928914581,-0.05989115266841432,-0.38693834689594875
mid,-9.940131348759857,274.91839210332296,-1.1599462354507604,-0.05475101729881819,-0.3883027828268634
mid,-9.804824958627773,274.91839210332296,-1.1921866803471461,-0.049613429000967435,-0.38924642088852107
mid,-9.669576706936253,274.91839210332296,-1.224352217211308,-0.044492134468172455,-0.3897758500730034
mid,-9.534384072783812,274.91839210332296,-1.2564094397296397,-0.03940023347727564,-0.38989886966201814
mid,-9.399244648150113,274.9183921033229,-1.2883260456064642,-0.034350122977499425,-0.38962440199128545
mid,-9.264156133438293,274.91839210332296,-1.3200709270967712,-0.02935344840738413,-0.38896240047587205
mid,-9.129116333163314,274.9183921033229,-1.3516142516041698,-0.024421062470354,-0.3879237536056354
mid,-8.994123151784969,274.91839210332296,-1.3829275319042162,-0.01956299156512644,-0.38652018567316804
mid,-8.859174589682674,274.9183921033229,-1.4139836855920693,-0.014788410000227077,-0.3847641550519485
mid,-8.724268739270368,274.9183921033229,-1.444757083460185,-0.010105622057242497,-0.3826687508778672
mid,-8.589403781248889,274.918392103323,-1.475223586584445,-0.0055220518937577345,-0.38024758903245814
mid,-8.454577980991804,274.91839210332296,-1.5053605720334753,-0.0010442412071217794,-0.3775147083498169
mid,-8.319789685063078,274.91839210332296,-1.5351469472262411,0.0033221455239090397,-0.3744844679761815
mid,-8.185037317862644,274.91839210332296,-1.5645631530865067,0.007572308472356341,-0.37117144681575265
mid,-8.05031937839677,274.9183921033229,-1.5935911562984975,0.011702292918158712,-0.36759034596837703
mid,-7.915634437169841,274.91839210332296,-1.6222144117857762,0.015708961617319495,-0.3637558946790139
mid,-7.780981597100757,274.91839210332296,-1.6504176673659117,0.0195899445366274,-0.35968277579722163
mid,-7.646363340138367,274.91839210332296,-1.67818706530063,0.02334358094829033,-0.35538564581667836
mid,-7.511774284545636,274.91839210332296,-1.7055106597999468,0.026969050825812566,-0.35087869566443386
mid,-7.377213223604237,274.91839210332296,-1.7323778252009674,0.030466143775833236,-0.34617592278349163
mid,-7.242679009914568,274.9183921033229,-1.7587789861375565,0.0338352408467019,-0.34129098013743053
mid,-7.1081705528639185,274.9183921033229,-1.784705782986821,0.03707728206341396,-0.3362371082320665
mid,-6.97368681619526,274.9183921033229,-1.8101509695629507,0.040193710840774666,-0.33102708751155874
mid,-6.839227652406881,274.9183921033229,-1.8351081699005543,0.043186401349674386,-0.3256732334792509
mid,-6.704796224716949,274.9183921033229,-1.8595720131404532,0.04605759055668934,-0.3201874461859164
mid,-6.570386599816072,274.9183921033229,-1.8835385853836375,0.048809986613910575,-0.31458073501857986
mid,-6.435997911589138,274.91839210332296,-1.907004743277454,0.05144652642488187,-0.3088636802377506
mid,-6.3016293387096525,274.9183921033229,-1.9299678647695013,0.05397036771044849,-0.3030462895802056
mid,-6.167280102675996,274.91839210332296,-1.9524258580177325,0.05638485051960158,-0.29713798369698247
mid,-6.032954017326143,274.9183921033229,-1.9743771338113167,0.05869340737556942,-0.2911477611849722
mid,-5.898647158376466,274.9183921033229,-1.9958210792577953,0.060899666666461405,-0.28508373476075066
mid,-5.764357297373262,274.9183921033229,-2.016757666058202,0.06300730347003783,-0.2789534747049929
mid,-5.63008379030133,274.91839210332296,-2.037187055129791,0.06501998995902548,-0.2727640577169582
mid,-5.495826346604532,274.9183921033229,-2.0571095185829127,0.06694138016971916,-0.2665220457916109
mid,-5.361589703876059,274.9183921033229,-2.0765255961703577,0.06877504484957359,-0.2602336702290208
mid,-5.227367376655154,274.91839210332296,-2.095436573076402,0.07052461075610013,-0.25390420923356355
mid,-5.09315883636915,274.9183921033229,-2.1138438731363736,0.07219356774227709,-0.24753867619296666
mid,-4.958963584294961,274.9183921033229,-2.131748738106829,0.07378529615208732,-0.24114166657763375
mid,-4.824785553634441,274.91839210332296,-2.1491524614036965,0.07530302446754013,-0.2347175320416574
mid,-4.690620910343727,274.9183921033229,-2.1660567701858433,0.07674992852855897,-0.22826990549894804
mid,-4.556467844003868,274.9183921033229,-2.1824635157599617,0.07812903694350391,-0.22180211372285397
mid,-4.422325949830914,274.9183921033229,-2.198374321424089,0.07944322407056495,-0.21531721749960797
mid,-4.288198910429592,274.9183921033229,-2.2137907264373324,0.08069518909914314,-0.20881813465114507
mid,-4.154083241616188,274.91839210332296,-2.2287145526951275,0.08188754511205854,-0.20230718530636496
mid,-4.0199772440894455,274.91839210332296,-2.2431476576062788,0.0830227506359563,-0.1957864792160015
mid,-3.8858805924692543,274.91839210332296,-2.2570916337748113,0.08410311080652982,-0.18925795472643825
mid,-3.751797578661088,274.91839210332296,-2.2705479688209573,0.0851307580546274,-0.18272352204434056
mid,-3.6177231462681707,274.91839210332296,-2.2835183937227974,0.08610775305738427,-0.17618448083863983
mid,-3.483656736501395,274.9183921033229,-2.296004539718397,0.08703599842331623,-0.16964212238503928
mid,-3.349599347953,274.91839210332296,-2.3080077895135767,0.08791725846019631,-0.16309765119548378
mid,-3.2155524256562007,274.918392103323,-2.31952951873348,0.08875317252181067,-0.15655213300830953
mid,-3.081512310276122,274.918392103323,-2.3305711982850714,0.0895452939427883,-0.15000626385499535
mid,-2.9474787831443883,274.918392103323,-2.341134133329058,0.0902950484417146,-0.14346076034449734
mid,-2.8134544310049514,274.91839210332296,-2.351219465932897,0.09100373950351967,-0.13691635413849962
mid,-2.679436891927524,274.91839210332296,-2.360828405460332,0.09167259539441902,-0.13037345161152117
mid,-2.5454248538944224,274.91839210332296,-2.3699621078551525,0.09230274662566218,-0.12383240369302352
mid,-2.411419018031954,274.91839210332296,-2.3786215643980215,0.09289522518988516,-0.11729357190686472
mid,-2.2774205358356676,274.918392103323,-2.386807715101711,0.09345097523671317,-0.11075726119686988
mid,-2.1434265429121133,274.91839210332296,-2.394521523535933,0.09397087814909638,-0.10422352514984493
mid,-2.0094368949688377,274.91839210332296,-2.4017638341127534,0.09445573185699896,-0.09769247599175498
mid,-1.8754537051467284,274.918392103323,-2.4085353835829224,0.09490625337495005,-0.0911642757062897
mid,-1.741474470627918,274.9183921033231,-2.4148369260058833,0.09532310858423326,-0.08463882848460881
mid,-1.6074986551762818,274.91839210332296,-2.420669144436855,0.09570689620152642,-0.0781160792484043
mid,-1.4735272071537882,274.91839210332296,-2.4260326217338997,0.09605815054036672,-0.0715960051850672
mid,-1.3395595741645498,274.91839210332296,-2.4309279116400573,0.09637735357025366,-0.06507848099317912
mid,-1.2055944813145196,274.91839210332296,-2.4353555296001512,0.09666493721361412,-0.05856331666999959
mid,-1.0716321310987234,274.918392103323,-2.439315914997936,0.09692128073773094,-0.05205036423117778
mid,-0.937673046113338,274.91839210332296,-2.4428094541685446,0.09714671456518588,-0.045539468173754316
mid,-0.8037156582882659,274.918392103323,-2.4458365032426355,0.09734152837517998,-0.039030357941317186
mid,-0.6697598811106896,274.918392103323,-2.4483973598456434,0.09750596771331436,-0.032522813567398376
mid,-0.5358062751075717,274.918392103323,-2.4504922664698,0.09764023541595895,-0.026016632013759977
mid,-0.4018536416379254,274.9183921033229,-2.4521214293473648,0.09774449712979175,-0.019511518883969136
mid,-0.2679018083004204,274.9183921033229,-2.4532850068664547,0.09781888016009017,-0.013007217107441339
mid,-0.1339507877801264,274.9183921033229,-2.4539831086540422,0.09786347415150336,-0.0065034726063418645
mid,-4.0711099922733015e-13,274.9183921033229,-2.4542158016917,0.09787833282155135,-8.172953277937863e-14
mid,0.13395078777936306,274.9183921033229,-2.453983108655143,0.09786347415082755,0.006503472606368798
mid,0.2679018082996062,274.91839210332296,-2.4532850068676693,0.09781888015912524,0.013007217107675287
mid,0.4018536416371621,274.91839210332296,-2.452121429346442,0.0977444971302471,0.019511518883830285
mid,0.5358062751067575,274.91839210332296,-2.45049226646819,0.09764023541648312,0.026016632013868952
mid,0.6697598811098754,274.918392103323,-2.448397359844375,0.09750596771348624,0.03252281356804937
mid,0.8037156582874517,274.918392103323,-2.4458365032412934,0.09734152837524092,0.03903035794203582
mid,0.9376730461125238,274.91839210332296,-2.442809454166658,0.09714671456532695,0.04553946817460999
mid,1.0716321310979093,274.91839210332296,-2.4393159149964,0.09692128073756306,0.052050364231818705
mid,1.2055944813137562,274.918392103323,-2.4353555295993923,0.09666493721351106,0.0585633166698044
mid,1.3395595741637356,274.918392103323,-2.430927911640813,0.09637735356982385,0.06507848099204074
mid,1.473527207152974,274.918392103323,-2.426032621735935,0.09605815053933639,0.07159600518382342
mid,1.6074986551755184,274.91839210332296,-2.420669144438141,0.0957068962011022,0.0781160792473454
mid,1.7414744706271037,274.918392103323,-2.4148369260061333,0.09532310858360007,0.08463882848388914
mid,1.8754537051459141,274.91839210332296,-2.408535383582807,0.09490625337397181,0.09116427570567365
mid,2.0094368949680743,274.918392103323,-2.401763834114126,0.09445573185455333,0.09769247599110378
mid,2.1434265429112993,274.91839210332296,-2.3945215235372705,0.09397087814667379,0.1042235251499071
mid,2.2774205358348536,274.91839210332296,-2.386807715100738,0.09345097523733027,0.11075726119753442
mid,2.41141901803114,274.91839210332296,-2.378621564395348,0.09289522519319938,0.11729357190773078
mid,2.5454248538936084,274.91839210332296,-2.3699621078552537,0.09230274662691047,0.1238324036937968
mid,2.67943689192671,274.91839210332296,-2.360828405462224,0.09167259539401147,0.13037345161181155
mid,2.813454431004137,274.91839210332296,-2.3512194659330428,0.0910037395040149,0.1369163541389477
mid,2.9474787831435743,274.918392103323,-2.3411341333292177,0.09029504844193217,0.14346076034487365
mid,3.0815123102753588,274.91839210332296,-2.3305711982871506,0.08954529394153368,0.15000626385491367
mid,3.2155524256553867,274.91839210332296,-2.31952951873505,0.08875317252153433,0.15655213300802498
mid,3.349599347952237,274.91839210332296,-2.308007789515336,0.08791725846073038,0.16309765119499603
mid,3.483656736500581,274.91839210332296,-2.2960045397214723,0.0870359984222769,0.1696421223850571
mid,3.6177231462673567,274.91839210332296,-2.2835183937231163,0.0861077530575028,0.17618448083922206
mid,3.751797578660325,274.91839210332296,-2.270547968818366,0.08513075805601296,0.18272352204518927
mid,3.88588059246844,274.91839210332296,-2.2570916337703197,0.08410311080843373,0.1892579547276416
mid,4.019977244088682,274.9183921033229,-2.243147657603615,0.08302275063606895,0.19578647921700154
mid,4.154083241615374,274.91839210332296,-2.2287145526949397,0.08188754511086399,0.20230718530712183
mid,4.288198910428777,274.91839210332296,-2.21379072643666,0.08069518909981742,0.20881813465146373
mid,4.4223259498301,274.9183921033229,-2.1983743214240623,0.07944322407050744,0.21531721749986876
mid,4.556467844003055,274.91839210332296,-2.18246351575866,0.07812903694336958,0.2218021137240251
mid,4.690620910342912,274.91839210332296,-2.16605677018246,0.07674992853002521,0.2282699055005752
mid,4.824785553633626,274.91839210332296,-2.1491524614017403,0.07530302446764563,0.23471753204353435
mid,4.958963584294198,274.91839210332296,-2.1317487381059763,0.07378529615269294,0.24114166657883288
mid,5.093158836368335,274.91839210332296,-2.113843873135862,0.0721935677441546,0.24753867619306885
mid,5.22736737665434,274.9183921033229,-2.095436573077227,0.0705246107559549,0.25390420923339263
mid,5.361589703875245,274.9183921033229,-2.076525596169734,0.06877504484911065,0.2602336702294152
mid,5.495826346603718,274.9183921033229,-2.057109518581618,0.06694138016880757,0.2665220457930316
mid,5.630083790300516,274.9183921033229,-2.0371870551305036,0.06501998995711168,0.2727640577185808
mid,5.764357297372448,274.9183921033229,-2.0167576660608386,0.0630073034681061,0.27895347470647947
mid,5.898647158375653,274.91839210332296,-1.9958210792601845,0.06089966666550473,0.2850837347626166
mid,6.032954017325278,274.9183921033229,-1.9743771338124791,0.058693407376156526,0.2911477611868327
mid,6.167280102675232,274.9183921033229,-1.9524258580190255,0.056384850519618716,0.2971379836987372
mid,6.301629338708839,274.9183921033229,-1.9299678647698422,0.0539703677102464,0.3030462895822288
mid,6.435997911588375,274.9183921033229,-1.9070047432767727,0.051446526425337126,0.3088636802399028
mid,6.570386599815207,274.9183921033229,-1.883538585382312,0.04880998661579164,0.3145807350201911
mid,6.704796224716084,274.91839210332296,-1.8595720131395383,0.04605759055796023,0.3201874461872972
mid,6.839227652406067,274.91839210332296,-1.8351081699001015,0.04318640134985352,0.32567323348066707
mid,6.973686816194496,274.9183921033229,-1.8101509695616873,0.04019371084180469,0.33102708751259585
mid,7.108170552863104,274.9183921033229,-1.784705782984645,0.037077282064920905,0.3362371082329942
mid,7.242679009913703,274.9183921033229,-1.7587789861370822,0.033835240846941,0.3412909801380363
mid,7.377213223603423,274.91839210332296,-1.7323778252023412,0.030466143774668983,0.3461759227837478
mid,7.511774284544821,274.9183921033229,-1.7055106598016114,0.026969050824978247,0.35087869566458363
mid,7.646363340137604,274.91839210332296,-1.6781870653039583,0.023343580947667034,0.3553856458166086
mid,7.780981597099994,274.9183921033229,-1.6504176673713806,0.019589944535768386,0.359682775796879
mid,7.9156344371689755,274.91839210332296,-1.622214411790377,0.01570896161634014,0.3637558946793121
mid,8.050319378395956,274.91839210332296,-1.5935911563011156,0.011702292917403469,0.3675903459694889
mid,8.185037317861829,274.9183921033229,-1.5645631530885338,0.007572308472168436,0.37117144681695513
mid,8.319789685062265,274.91839210332296,-1.5351469472277413,0.003322145524010313,0.3744844679772803
mid,8.454577980990988,274.91839210332296,-1.5053605720343084,-0.001044241206824538,0.3775147083506986
mid,8.589403781248075,274.9183921033229,-1.4752235865836836,-0.005522051892553878,0.3802475890332294
mid,8.724268739269554,274.9183921033229,-1.4447570834581378,-0.010105622054678909,0.38266875087825614
mid,8.859174589681809,274.9183921033229,-1.4139836855886823,-0.014788409996838996,0.3847641550524169
mid,8.994123151784153,274.9183921033229,-1.3829275318999419,-0.019562991561570264,0.38652018567409685
mid,9.129116333162552,274.91839210332296,-1.3516142516015885,-0.024421062468312896,0.38792375360639353
mid,9.26415613343748,274.91839210332296,-1.3200709270951252,-0.02935344840734376,0.3889624004764308
mid,9.399244648149299,274.91839210332296,-1.2883260456039933,-0.03435012297685393,0.3896244019915599
mid,9.534384072782998,274.9183921033229,-1.256409439727335,-0.03940023347566698,0.3898988696617258
mid,9.669576706935489,274.9183921033229,-1.2243522172080707,-0.04449213446652935,0.389775850072557
mid,9.804824958626908,274.9183921033229,-1.1921866803430026,-0.049613428999294884,0.3892464208881499
mid,9.940131348759044,274.9183921033229,-1.1599462354471877,-0.05475101729689747,0.3883027828267008
mid,10.075498515720422,274.91839210332296,-1.1276652928869475,-0.05989115266658056,0.38693834689642703
mid,10.210929220141313,274.91839210332296,-1.0953791582476824,-0.06501950437184821,0.3851478162309959
mid,10.346426349797387,274.91839210332296,-1.0631239151513285,-0.07012122714317862,0.38292726191678195
mid,10.481992924663832,274.9183921033229,-1.0309358082371036,-0.07518108444786836,0.38027415471994086
mid,10.61763858884334,274.91839210332296,-0.9988514681954169,-0.08018357546968075,0.3771874788982032
mid,10.75336427167088,274.91839210332296,-0.9669088089740073,-0.08511273081318779,0.37366768817360413
mid,10.889170876406483,274.91839210332296,-0.9351461211510195,-0.0899523823967422,0.36971695651196224
mid,11.025062111047456,274.91839210332296,-0.9036014550420992,-0.0946863469572863,0.36533910124463087
mid,11.161041847748542,274.91839210332296,-0.8723114326241075,-0.09929857814066559,0.36053942512026876
mid,11.297130516920602,274.91839210332296,-0.8413128277441055,-0.10377330937992019,0.3553249337591966
mid,11.433318950617915,274.91839210332296,-0.8106441553097413,-0.10809446777938124,0.34970428529380904
mid,11.569610762379392,274.91839210332296,-0.7803412149970871,-0.11224663083211914,0.34368800823505924
mid,11.706029345864847,274.91839210332296,-0.7504387883765925,-0.11621507213059232,0.33728803528152007
mid,11.842568776899846,274.918392103323,-0.7209725413562608,-0.11998514769220733,0.3305179120331413
mid,11.979238499561843,274.9183921033229,-0.6919754080340639,-0.12354315664154601,0.3233929681435901
mid,12.116057466593393,274.91839210332296,-0.66347955301142,-0.12687623543443335,0.31592985022626197
mid,12.253021943235742,274.91839210332296,-0.6355159678803841,-0.12997212865165614,0.3081466713237381
mid,12.3901565816776,274.918392103323,-0.608113165870247,-0.13281989258746843,0.30006300677634545
mid,12.52746634408069,274.918392103323,-0.5812994761919241,-0.13540936341208482,0.2916996499419504
mid,12.664958362004514,274.918392103323,-0.5550993221924126,-0.1377316480150495,0.2830785898568927
mid,12.802670597659343,274.918392103323,-0.5295351482975287,-0.13977932940113266,0.27422256055254435
mid,12.940602536526596,274.91839210332296,-0.5046292112239227,-0.14154584867129774,0.26515543217278614
mid,13.078775701352068,274.918392103323,-0.48039990583917713,-0.1430262859697108,0.25590213092718855
mid,13.217214645917394,274.91839210332296,-0.45686289426767007,-0.14421709977434038,0.24648771678980688
mid,13.3559460975249,274.91839210332296,-0.4340314040296469,-0.14511615682039863,0.23693767929196835
mid,13.494999043915339,274.918392103323,-0.4119161968117187,-0.1457227519219575,0.22727781110151796
mid,13.63440480586597,274.91839210332296,-0.39052554405070466,-0.14603761455822578,0.21753405831596784
mid,13.774197090985583,274.91839210332296,-0.3698633992221951,-0.1460628514880102,0.2077319148673908
mid,13.914440516480859,274.91839210332296,-0.34993199379944573,-0.14580203413369391,0.19789640946388687
mid,14.055160594743917,274.91839210332296,-0.33073056512095117,-0.14525974770325506,0.18805214510125606
mid,14.196444639878003,274.91839210332296,-0.31225446116879246,-0.14444207518630525,0.1782227754934766
mid,14.338346420570799,274.918392103323,-0.2944976595215669,-0.1433558689156607,0.1684308695255524
mid,14.480956012397678,274.918392103323,-0.27745007717672576,-0.1420091193228904,0.1586979844840079
mid,14.624370598411932,274.91839210332296,-0.26109801449359404,-0.14041035606300645,0.14904358036423354
mid,14.768729976134098,274.918392103323,-0.24542583237372642,-0.13856871511230381,0.13948537012852952
mid,14.9141581879322,274.91839210332296,-0.23041584334722318,-0.13649357646825083,0.13003953243542735
mid,15.060836381180703,274.91839210332296,-0.21604712194048395,-0.13419458142632085,0.12072028332520582
mid,15.208956757725744,274.918392103323,-0.2022970707999584,-0.1316811047284506,0.11153958596002682
mid,15.358760930947382,274.91839210332296,-0.18914233429445265,-0.12896241684964854,0.10250777930349755
mid,15.510491008623461,274.91839210332296,-0.17656142031008998,-0.1260477676777432,0.09363455385559254
mid,15.664394231384653,274.91839210332296,-0.16453516001585722,-0.12294693727309558,0.0849301708371967
mid,15.820696460108339,274.918392103323,-0.1530512631285159,-0.1196711325884235,0.07640717470789474
mid,15.979507947018943,274.918392103323,-0.14210679712832483,-0.11623463795904576,0.06808326088005195
mid,16.14079198475979,274.918392103323,-0.13170659323328504,-0.11265639703127055,0.05998274691893524
mid,16.304327092698706,274.918392103323,-0.12185976335021725,-0.10896061187465687,0.052135853389520787
mid,16.46972796126989,274.91839210332296,-0.11257248107952908,-0.10517596870945217,0.0445756530451382
mid,16.63653711266441,274.91839210332296,-0.10384197196572986,-0.10133314605410396,0.03733292760592212
mid,16.804314533883872,274.91839210332296,-0.09565467158276518,-0.09746169445108314,0.03043144179048156
mid,16.972708982284118,274.91839210332296,-0.08798811617529392,-0.09358764242437326,0.02388552084762949
mid,17.141471633408372,274.91839210332296,-0.08081468094674692,-0.08973247582098606,0.01770027632161747
mid,17.31044260488889,274.91839210332296,-0.07410465211897486,-0.08591333159765012,0.011873518369447628
mid,17.479525797143143,274.91839210332296,-0.06782822660840562,-0.0821437192763708,0.006398004880167764
mid,17.648667394591694,274.918392103323,-0.06195659496840958,-0.07843432123905648,0.0012633464873488525
mid,17.8178382519262,274.91839210332296,-0.056462461998654956,-0.07479366239944717,-0.0035426237954032263
mid,17.98702326541348,274.91839210332296,-0.05132020912097664,-0.0712286040610105,-0.008032959302264945
mid,18.156214943197238,274.91839210332296,-0.046505914204843214,-0.067744681553703,-0.01222106275485121
mid,18.325409637174737,274.91839210332296,-0.04199729236027837,-0.06434634067791348,-0.016120365017117947
mid,18.49460566402571,274.91839210332296,-0.037773603567352446,-0.0610371071982701,-0.019744135982683493
mid,18.663802259892467,274.91839210332296,-0.033815551795119234,-0.05781971533376637,-0.023105371835912596
mid,18.832999091249935,274.91839210332296,-0.03010518197200653,-0.05469621158049828,-0.02621672537006598
mid,19.00219601749063,274.91839210332296,-0.026625780846382688,-0.051668042256099264,-0.029090462099082337
mid,19.171392980539398,274.918392103323,-0.02336178294621265,-0.04873613005660226,-0.0317384318545596
mid,19.34058995754627,274.91839210332296,-0.020298682329927986,-0.04590094217752031,-0.034172050580994734
mid,19.50978693966076,274.91839210332296,-0.01742295030675687,-0.043162551515451536,-0.036402289284778816
mid,19.678983923591474,274.91839210332296,-0.014721959077488883,-0.040520691818377676,-0.03843966832226256
mid,19.848180908149903,274.91839210332296,-0.012183911123212984,-0.03797480733147101,-0.040294255843747705
mid,20.017377892917583,274.91839210332296,-0.009797774164845554,-0.035524097412656455,-0.04197566953029966
mid,20.186574877753458,274.9183921033229,-0.0075532214605295335,-0.03316755650008576,-0.04349308095486964
mid,20.355771862610755,274.91839210332296,-0.005440577172215695,-0.03090400977575163,-0.04485522202199821
mid,20.524968847474568,274.91839210332296,-0.003450766540705712,-0.028732144870253117,-0.04607039303455847
mid,20.69416583234031,274.91839210332296,-0.0015752705914625666,-0.026650539920897325,-0.04714647200512158
mid,20.863362817206667,274.91839210332296,0.00019391488725836736,-0.02465768829114094,-0.04809092488802068
mid,21.032559802073127,274.9183921033229,0.001864316372079549,-0.02275202020298428,-0.0489108164675387
mid,21.201756786939686,274.9183921033229,0.003443015894024744,-0.020931921539915924,-0.049612821675821386
mid,21.370953771806192,274.91839210332296,0.004936680813402445,-0.019195750081714116,-0.05020323715364612
mid,21.54015075667275,274.91839210332296,0.006351590311259963,-0.017541849336094432,-0.05068799291180434
mid,21.709347741539315,274.9183921033229,0.007693658803071178,-0.015968560181197983,-0.05107266396434405
mid,21.87854472640582,274.9183921033229,0.008968456471899006,-0.014474230471458134,-0.051362481843145014
mid,22.04774171127238,274.91839210332296,0.010181227084256637,-0.013057222750065337,-0.05156234592976956
mid,22.21693869613894,274.9183921033229,0.011336903245375958,-0.011715920181638535,-0.05167683455414157
mid,22.3861356810055,274.91839210332296,0.012440119215629718,-0.010448730823744989,-0.05171021583433551
mid,22.555332665872008,274.9183921033229,0.013495221446947616,-0.009254090295141234,-0.05166645824645868
mid,22.724529650738567,274.9183921033229,0.014506276921446473,-0.008130462925098274,-0.05154924093376155
mid,22.893726635605127,274.9183921033229,0.015477079385567069,-0.0070763414231355334,-0.0513619637847296
mid,23.062923620471636,274.9183921033229,0.016411153590670205,-0.006090245112213167,-0.051107757311025834
mid,23.232120605338196,274.9183921033229,0.017311757603292597,-0.005170716751565201,-0.05078949238982536
mid,23.401317590204755,274.9183921033229,0.018181883281871078,-0.0043163179447971885,-0.05040978994068651
mid,23.570514575071314,274.9183921033229,0.019024255005442154,-0.0035256231735906925,-0.04997103061790885
mid,23.739711559937824,274.9183921033229,0.019841326715766907,-0.002797212461622848,-0.0494753646341322
mid,23.908908544804383,274.9183921033229,0.020635277404447216,-0.0021296626630709185,-0.04892472182459741
mid,24.078105529670943,274.91839210332296,0.021408005162537547,-0.0015215374185041097,-0.04832082208178602
mid,24.247302514537452,274.9183921033229,0.022161119935660844,-0.0009713757947851613,-0.04766518632002038
mid,24.41649949940401,274.91839210332296,0.022895935162533868,-0.0004776796798821731,-0.04695914812286456
mid,24.58569648427057,274.9183921033229,0.023613458516313288,-3.890002431577305e-05,-0.04620386623873433
mid,24.75489346913708,274.9183921033229,0.02431438204270823,0.00034657798150060197,-0.04540033810888935
mid,24.92409045400364,274.9183921033229,0.02499907202031261,0.0006804505879680865,-0.04454941458950089
mid,25.0932874388702,274.9183921033229,0.025667558952407847,0.0009645118169163882,-0.04365181603892556
mid,25.262484423736705,274.9183921033229,0.026319528186907408,0.0012006701367691351,-0.042708149912138976
mid,25.431681408603264,274.9183921033229,0.026954311768674175,0.0013909651252611253,-0.04171892997125587
mid,25.600878393469827,274.9183921033229,0.027570882169846732,0.0015375836229447378,-0.04068459717887581
mid,25.770075378336387,274.9183921033229,0.028167848746761544,0.0016428748483714936,-0.03960554225432479
mid,25.939272363202893,274.9183921033229,0.02874345781306604,0.001709363791349585,-0.03848212978847091
mid,26.108469348069452,274.9183921033229,0.02929559732654946,0.001739762089191266,-0.037314723691269466
mid,26.27766633293601,274.9183921033229,0.029821807349193853,0.0017369755284468956,-0.03610371357273185
mid,26.44686331780252,274.9183921033229,0.030319297483834877,0.0017041071672822903,-0.03484954147883008
mid,26.61606030266908,274.9183921033229,0.030784972563167742,0.001644455007416141,-0.03355272818359971
mid,26.78525728753564,274.9183921033229,0.03121546790082997,0.001561503074722935,-0.032213897944318004
mid,26.9544542724022,274.9183921033229,0.031607195399618454,0.0014589047612568141,-0.03083380035153283
mid,27.12365125726871,274.9183921033229,0.03195640173450621,0.0013404572992076458,-0.029413327571347177
mid,27.292848242135268,274.9183921033229,0.03225923966767127,0.0012100663216674237,-0.027953524924633807
mid,27.462045227001777,274.9183921033229,0.03251185326735143,0.0010716996040243283,-0.026455592400140136
mid,27.631242211868337,274.9183921033229,0.03271047749433457,0.0009293293934078542,-0.024920874369683887
mid,27.800439196734896,274.9183921033229,0.03285155213387187,0.0007868630694237439,-0.023350834505376696
mid,27.969636181601455,274.9183921033229,0.03293184940247156,0.000648062274492099,-0.02174701267058239
mid,28.138833166467965,274.9183921033229,0.03294861387692671,0.0005164512758807642,-0.020110960512454333
mid,28.308030151334524,274.9183921033229,0.03289971257862829,0.00039521596214676154,-0.018444152603428753
mid,28.477227136201083,274.9183921033229,0.03278379212293488,0.00028709554044082687,-0.01674787030175667
mid,28.646424121067593,274.9183921033229,0.032600438945800066,0.00019426974622178874,-0.015023056166669237
mid,28.815621105934152,274.91839210332296,0.032350337773343056,0.00011824504431353581,-0.01327013774365631
mid,28.98481809080071,274.9183921033229,0.03203542282398656,5.974383847389634e-05,-0.011488820910329576
mid,29.15401507566727,274.9183921033229,0.03165901586962554,1.860102571556426e-05,-0.009677854758738075
mid,29.32321206053378,274.9183921033229,0.031225945361971708,-6.327791561355073e-06,-0.007834772144017989
mid,29.492409045400287,274.9183921033229,0.030742641565548214,-1.7242582065743473e-05,-0.0059556125289445365
mid,29.6616060302669,274.91839210332296,0.03021720395102073,-1.7456953455327606e-05,-0.004034636462810785
mid,29.830803015133405,274.9183921033229,0.029659439762331923,-1.1436438104008018e-05,-0.0020640435909523355
mid,29.999999999999964,274.9183921033229,0.029373658224596973,-7.347321458701234e-06,-0.0011081859879344914
outer,-30.000000000000068,298.7730695018225,-1.8256058651173757e-05,-0.00010712693078802893,-0.0002492055585698919
outer,-30.000000000000068,298.6058480946258,-6.260826623435511e-05,-9.337531263777001e-05,-0.000271125134008139
outer,-30.000000000000068,298.68956815628115,-4.027005707878559e-05,-0.00010024107415318545,-0.0002605401037169346
outer,-30.000000000000018,298.52190281823334,-8.523893161642123e-05,-8.655835147558527e-05,-0.0002809618650954374
outer,-29.708261952012435,298.52190281823334,-4.577523091842315e-05,-0.00016944642423789727,-0.0003321369362777407
outer,-29.70752503721737,298.6058480946258,-3.229912017639535e-05,-0.00018542920978368806,-0.00032279211377809146
outer,-29.706787559933932,298.6895681562812,-1.8857664137526277e-05,-0.00020167145278171504,-0.0003125101245813531
outer,-29.706049478737864,298.7730695018225,-5.467836264102339e-06,-0.00021814469667569167,-0.0003012791412339856
outer,-29.4165239040248,298.5219028182333,3.757333460282337e-05,-0.0002956122777954867,-0.00032899312823231016
outer,-29.41505007443467,298.60584809462586,3.5470584385957605e-05,-0.00033201735812250094,-0.0003233158037468024
outer,-29.413575119867794,298.68956815628115,3.368939504366959e-05,-0.00036925007592710857,-0.0003164644894287788
outer,-29.41209895747566,298.7730695018225,3.222313053880086e-05,-0.00040730618273339533,-0.000308414042025117
outer,-29.124785856037168,298.5219028182333,0.00010501176050032155,-0.00028910049891657546,-0.00014806575073278186
outer,-29.122575111652072,298.6058480946258,9.221245326166322e-05,-0.0003477372354650397,-0.00015122495929611844
outer,-29.12036267980166,298.68956815628115,7.991446635984998e-05,-0.0004078954309999689,-0.00015324175257295337
outer,-29.118148436213456,298.7730695018225,6.810689968210433e-05,-0.00046960911907286703,-0.0001540949375352253
outer,-28.833047808049635,298.52190281823334,0.00013758424813575384,-6.102467436178935e-05,0.00014747030670487335
outer,-28.830100148869374,298.60584809462586,0.0001179156341867921,-0.0001391291469377516,0.00013122394890697505
outer,-28.82715023973552,298.6895681562812,9.892875831731714e-05,-0.0002192696263737473,0.00011587555502059753
outer,-28.824197914951252,298.7730695018225,8.061942737393014e-05,-0.0003014899886213153,0.00010143069855840576
outer,-28.541309760062003,298.52190281823334,0.0001440845596276004,0.0004562726869444467,0.0005089993684862028
outer,-28.537625186086675,298.60584809462586,0.00012061994714221159,0.00036454877879505115,0.00047634108916487977
outer,-28.533937799669385,298.68956815628115,9.803743435145187e-05,0.0002705709019648098,0.0004442322303256889
outer,-28.53024739368905,298.7730695018225,7.63430719125599e-05,0.00017430951127669108,0.00041266489633671425
outer,-28.24957171207437,298.52190281823334,0.00013521203102027967,0.001310223687513995,0.000904479866712966
outer,-28.24515022330408,298.60584809462586,0.00011006727407290352,0.0012119661719491564,0.0008531669896721091
outer,-28.24072535960325,298.6895681562812,8.596982231409407e-05,0.001111461777722453,0.0008020472672010826
outer,-28.236296872426845,298.77306950182253,6.292845282224635e-05,0.0010086967804560432,0.000751106971703203
outer,-27.957833664086735,298.5219028182333,0.00011727397289127209,0.0025297049407308728,0.0013147639961237168
outer,-27.95267526052138,298.6058480946258,9.166970376373994e-05,0.002431980159578958,0.0012434991007712886
outer,-27.94751291953711,298.6895681562812,6.721436717997361e-05,0.0023321357638429498,0.001172106648664116
outer,-27.94234635116464,298.7730695018225,4.3913505392911356e-05,0.002230167131889201,0.0011005719291277084
outer,-27.666095616099103,298.52190281823334,9.312979321974332e-05,0.004129599461124447,0.00172892557772839
outer,-27.660200297738683,298.6058480946258,6.76978876630427e-05,0.004038979657001302,0.0016370715277625166
outer,-27.654300479470976,298.68956815628115,4.346541352377893e-05,0.003946429882396508,0.001544810646168602
outer,-27.648395829902437,298.7730695018225,2.0434166268751535e-05,0.003851950913392932,0.0014521288147491547
outer,-27.37435756811157,298.52190281823334,6.401636659346399e-05,0.006115673297133483,0.002140832309500248
outer,-27.367725334955985,298.6058480946258,3.907952564258677e-05,0.006038179021651236,0.0020281657250510393
outer,-27.361088039404837,298.6895681562812,1.5362441082492247e-05,0.00595898358939892,0.0019148489457394913
outer,-27.354445308640233,298.77306950182253,-7.1356642159358524e-06,0.0058780919025401245,0.0018008689184350096
outer,-27.082619520123938,298.5219028182333,3.0533060684850497e-05,0.008488131727812109,0.0025471180052366155
outer,-27.075250372173386,298.6058480946258,6.259219097474317e-06,0.008429286360338073,0.0024136685857224878
outer,-27.067875599338702,298.6895681562812,-1.679175474147629e-05,0.008368995422411396,0.002279355393304526
outer,-27.06049478737793,298.7730695018225,-3.8622488027645514e-05,0.008307266953513033,0.0021441667041043238
outer,-26.790881472136306,298.52190281823334,-6.996086676431222e-06,0.011243853822398338,0.0029460470649101305
outer,-26.782775409390688,298.6058480946258,-3.052249596998454e-05,0.011208751725564334,0.002791998367284107
outer,-26.774663159272666,298.6895681562812,-5.283331408345755e-05,0.011172478072542836,0.0026368966336925174
outer,-26.766544266115726,298.7730695018225,-7.393258955756734e-05,0.011135043143080227,0.002480731562871102
outer,-26.499143424148674,298.52190281823334,-4.8388723224167957e-05,0.014377781876685671,0.003336859810824938
outer,-26.49030044660799,298.60584809462586,-7.113077848702916e-05,0.014371156885077022,0.0031624858493162784
outer,-26.48145071920653,298.6895681562812,-9.267064560693032e-05,0.01436364785959034,0.0029868889613689493
outer,-26.472593744853523,298.7730695018225,-0.00011301340352320825,0.014355266689471343,0.002810060226478329
outer,-26.207405376161038,298.52190281823334,-9.354090974217875e-05,0.01788380747187667,0.0037193829363384424
outer,-26.19782548382539,298.60584809462586,-0.00011548913281297403,0.01791009775180348,0.003525006963148853
outer,-26.188238279140393,298.68956815628115,-0.0001362518985035038,0.017935802534020655,0.003329253257808514
outer,-26.17864322359132,298.77306950182253,-0.00015583500311617832,0.01796093486835909,0.0031321141726736845
outer,-25.91566732817351,298.52190281823334,-0.0001423953148374079,0.021755340897303032,0.004093794979451809
outer,-25.905350521042692,298.60584809462586,-0.00016355670989317422,0.02181874699306216,0.003879762744131456
outer,-25.895025839074258,298.6895681562812,-0.00018355097992939912,0.02188187610255616,0.003664209433957203
outer,-25.884692702329115,298.7730695018225,-0.0002023844046931695,0.021944742109836442,0.0034471285324215437
outer,-25.623929280185873,298.5219028182333,-0.00019492642095059534,0.02598567634639877,0.004460483845156074
outer,-25.612875558259994,298.6058480946258,-0.00021531874068740284,0.02609021188530366,0.0042271462624071995
outer,-25.60181339900812,298.6895681562812,-0.00023456283407764789,0.026194788855830056,0.0039921526682009986
outer,-25.59074218106691,298.7730695018225,-0.00025266527921683456,0.02629942175628556,0.003755497520102396
outer,-25.33219123219824,298.5219028182333,-0.00025113416522783497,0.030568224905721274,0.004819958851257451
outer,-25.3204005954774,298.6058480946258,-0.0002707830288806289,0.0307177607664455,0.004567660801441816
outer,-25.308600958941984,298.68956815628115,-0.0002893025258316421,0.030867667016873754,0.004313577611152064
outer,-25.296791659804708,298.7730695018225,-0.0003066993955465596,0.03101795862427118,0.0040577045484691335
outer,-25.04045318421061,298.5219028182333,-0.000311041581968775,0.035496660856249605,0.005172795112624929
outer,-25.0279256326947,298.6058480946258,-0.0003299791715258467,0.035694963788752185,0.004901868301689962
outer,-25.01538851887585,298.6895681562812,-0.0003478059056412561,0.0358939777560883,0.00462903080475347
outer,-25.002841138542504,298.7730695018225,-0.0003645285735142563,0.03609371812562448,0.004354278532640908
outer,-24.748715136222973,298.5219028182333,-0.00037469440986150765,0.04076500943910135,0.005519597069023802
outer,-24.735450669912,298.6058480946258,-0.00039295903738254846,0.04101577608812325,0.005230355636094865
outer,-24.72217607880971,298.6895681562812,-0.00041013085621116434,0.041267607668926114,0.004939079635894469
outer,-24.7088906172803,298.7730695018225,-0.0004262166212215899,0.04152051993781705,0.004645765449033489
outer,-24.456977088235444,298.5219028182333,-0.00044216150887731176,0.04636769367933061,0.005860973282873792
outer,-24.442975707129403,298.6058480946258,-0.0004597976611518881,0.046674580813082095,0.0055537113334483725
outer,-24.428963638743575,298.6895681562812,-0.000476358611934808,0.046982901943010705,0.005244290921757072
outer,-24.414940096018096,298.77306950182253,-0.0004918510304328747,0.04729267324599784,0.004932708721912954
outer,-24.16523904024781,298.5219028182333,-0.0005135353999480494,0.05229955137317719,0.006197517824780346
outer,-24.150500744346704,298.6058480946258,-0.0005305940756435354,0.052666202928655745,0.0058725083593772695
outer,-24.135751198677436,298.6895681562812,-0.0005465948549460108,0.05303467493605485,0.005545215047985075
outer,-24.120989574755892,298.7730695018225,-0.0005615442795831385,0.05340498408609232,0.005215634682502428
outer,-23.873500992260176,298.5219028182333,-0.0005889328280596698,0.05855582909620173,0.006529795584363583
outer,-23.858025781564006,298.6058480946258,-0.0006054720351047795,0.058985900585800485,0.006187290493537299
outer,-23.8425387586113,298.68956815628115,-0.0006209705652144119,0.059418198900667296,0.0058423733886281085
outer,-23.82703905349369,298.7730695018225,-0.000635434810335584,0.0598527413868816,0.005495041000828782
outer,-23.581762944272544,298.52190281823334,-0.0006684950149881824,0.06513215783141907,0.0068583300438549676
outer,-23.565550818781308,298.60584809462586,-0.0006845804261803555,0.06562933846726011,0.006498560965445304
outer,-23.549326318545162,298.68956815628115,-0.0006996425997576015,0.06612917501670909,0.006136247781439121
outer,-23.533088532231485,298.7730695018225,-0.0007136877773838562,0.06663168566938288,0.005771386977317336
outer,-23.29002489628491,298.5219028182333,-0.0007523876740456424,0.07202451299129155,0.007183592720016334
outer,-23.27307585599871,298.6058480946258,-0.0007680934718678999,0.07259254582320347,0.006806772624262915
outer,-23.256113878479027,298.68956815628115,-0.00078279408553171,0.07316368943902722,0.006427271405133387
outer,-23.23913801096928,298.7730695018225,-0.0007964956170382204,0.07373796311857332,0.006045085117316412
outer,-22.99828684829738,298.5219028182333,-0.0008408010085741331,0.07922916088758857,0.007505993924127027
outer,-22.98060089321601,298.6058480946258,-0.0008562109651861077,0.07987186123293633,0.007112319349446745
outer,-22.962901438412892,298.6895681562812,-0.0008706348884429255,0.08051815636460273,0.006715820828928125
outer,-22.945187489707077,298.7730695018225,-0.0008840787714377678,0.08116806695224577,0.006316493799440166
outer,-22.706548800309694,298.5219028182333,-0.0009339496170883525,0.08674259330080984,0.007825874738465098
outer,-22.688125930433312,298.6058480946258,-0.0009491585046952807,0.08746386571949566,0.0074155286168724015
outer,-22.669688998346803,298.6895681562812,-0.0009634022163003166,0.08818924968182268,0.007002209157733107
outer,-22.651236968444874,298.7730695018225,-0.0009766866953912524,0.08891876759784162,0.006585910982897618
outer,-22.41481075232211,298.52190281823334,-0.0010320726498725813,0.09456145114662103,0.008143500183260377
outer,-22.395650967650667,298.60584809462586,-0.001047188120433886,0.0953653052128651,0.0077166552104879944
outer,-22.376476558280668,298.6895681562812,-0.0010613617406757328,0.09617382425405457,0.007286680271553898
outer,-22.35728644718267,298.77306950182253,-0.0010745994905036783,0.0969870328333113,0.006853568968342813
outer,-22.12307270433448,298.5219028182333,-0.0011354345285822798,0.10268243812017895,0.008459053533425943
outer,-22.10317600486802,298.6058480946258,-0.0011505796371181175,0.10357300328193303,0.008015876064512338
outer,-22.083264118214583,298.6895681562812,-0.001164809629069858,0.10446882779300123,0.007569404178020853
outer,-22.063335925920466,298.77306950182253,-0.00117813063747731,0.1053699388518694,0.007119630242447335
outer,-21.831334656346844,298.5219028182333,-0.0012443265519651095,0.11110222486580182,0.008772631683788584
outer,-21.81070104208532,298.60584809462586,-0.00125964308552114,0.11208376478291154,0.008313286145737325
outer,-21.790051678148448,298.6895681562812,-0.0012740758296950101,0.11307120402893595,0.007850473391507986
outer,-21.769385404658262,298.7730695018225,-0.0012876312342900466,0.11406457299071866,0.0073841843269368546
outer,-21.539596608359314,298.52190281823334,-0.0013590698838688992,0.11981734366119788,0.009084241288808415
outer,-21.51822607930272,298.60584809462586,-0.0013747227878653998,0.12089427038318863,0.008608895098234839
outer,-21.49683923808231,298.6895681562812,-0.0013895293126193753,0.12197778716490407,0.008129900064378182
outer,-21.47543488339606,298.77306950182253,-0.0014034964465848496,0.12306792822033424,0.0076472453756876585
outer,-21.24785856037168,298.52190281823334,-0.001480020666197901,0.12882407277976732,0.009393795167463047
outer,-21.225751116520023,298.60584809462586,-0.001496203820501786,0.1300009612665618,0.00890262416963266
outer,-21.20362679801612,298.68956815628127,-0.0015115859560785871,0.1311851870549004,0.008407613410201117
outer,-21.181484362133855,298.77306950182253,-0.0015261748928706437,0.13237678892968774,0.007908750072887057
outer,-20.956120512384047,298.52190281823334,-0.001607578013159923,0.13811830904132616,0.009701108056701845
outer,-20.933276153737324,298.6058480946258,-0.0016245216741163637,0.13939991252548878,0.009194302531640393
outer,-20.910414357949985,298.6895681562812,-0.0016407199863081937,0.1406896635811603,0.008683456563225944
outer,-20.88753384087165,298.77306950182253,-0.0016561819776055586,0.14198760644399727,0.008168555002967148
outer,-20.664382464396414,298.5219028182334,-0.0017421959733449482,0.14769542514771655,0.010005890346677204
outer,-20.640801190954626,298.60584809462586,-0.001760176259595854,0.1490866918115657,0.00948366163807006
outer,-20.6172019178839,298.6895681562812,-0.0017774801165975976,0.1504869868444352,0.008957181544100502
outer,-20.593583319609397,298.7730695018225,-0.0017941182637489922,0.1518963609841891,0.008426432199432662
outer,-20.37264441640878,298.52190281823334,-0.0018844008247991748,0.1575501065070271,0.01030773774348951
outer,-20.348326228171977,298.6058480946259,-0.001903751587220802,0.1590561979157303,0.009770325613370032
outer,-20.32398947781776,298.6895681562812,-0.0019225117261960634,0.16057227775919947,0.009228440365617867
outer,-20.299632798347194,298.77306950182253,-0.001940694275670729,0.1620984045431282,0.008682060957494166
outer,-20.080906368421196,298.52190281823334,-0.0020348152781933387,0.16767615958126092,0.010606113942290725
outer,-20.05585126538933,298.60584809462586,-0.002055942684251827,0.16930247112658545,0.010053794805804532
outer,-20.030777037751626,298.6895681562812,-0.0020765866177867645,0.17093982072313443,0.009496769467247979
outer,-20.00568227708504,298.7730695018225,-0.0020967632138754397,0.17258827619095976,0.008935013156784459
outer,-19.789168320433564,298.52190281823334,-0.002194191413023752,0.17806627987941143,0.010900322311835416
outer,-19.76337630260663,298.60584809462586,-0.002217591499369072,0.179818463155606,0.01033341856820913
outer,-19.73756459768549,298.6895681562812,-0.0022406419891622537,0.18158283583265586,0.009761563628284765
outer,-19.711731755822786,298.77306950182253,-0.002263363082546259,0.18335947696938174,0.009184728340577826
outer,-19.497430272445982,298.5219028182334,-0.0023634545063204795,0.18871176297986586,0.011189461187176883
outer,-19.470901339824035,298.60584809462586,-0.0023897338120526246,0.19059574947724206,0.010608351944603911
outer,-19.444352157619353,298.6895681562812,-0.002415830496920811,0.19249319291915307,0.010022034127917363
outer,-19.417781234560582,298.77306950182253,-0.0024417699953475924,0.1944041860059566,0.009430473432834235
outer,-19.20569222445835,298.52190281823334,-0.002543760014565924,0.19960213574067023,0.011472355745172802
outer,-19.178426377041337,298.60584809462586,-0.0025736591715607646,0.2016241604191244,0.010877489339825144
outer,-19.151139717553217,298.6895681562812,-0.0026035831821628053,0.20366104288676642,0.010277144348574963
outer,-19.123830713298428,298.77306950182253,-0.002633564099897033,0.20571289249934493,0.009671280424966157
outer,-18.913954176470714,298.52190281823334,-0.0027365661101324684,0.21072467713000242,0.011747457373568256
outer,-18.88595141425864,298.6058480946259,-0.00277098592969742,0.212891299206767,0.011139366219850795
outer,-18.85792727748708,298.6895681562812,-0.0028056869199713924,0.21507433331190884,0.010525514045006089
outer,-18.829880192036224,298.77306950182253,-0.0028407093537751935,0.21727390923484652,0.009905853462748901
outer,-18.622216128483185,298.5219028182333,-0.0029437240475177068,0.2220637883899752,0.012012699134808555
outer,-18.59347645147599,298.60584809462586,-0.002983753142555258,0.22438190501688954,0.01139201761161926
outer,-18.564714837421047,298.6895681562812,-0.0030243776624572435,0.22671816459493602,0.010765281241802545
outer,-18.53592967077402,298.77306950182253,-0.0030656478950479987,0.22907272205876034,0.010132434528181973
outer,-18.3304780804955,298.5219028182334,-0.003167588181326418,0.2336001605528389,0.012265293276352313
outer,-18.30100148869334,298.60584809462586,-0.0032145305253026626,0.236077006754107,0.011632779568011287
outer,-18.27150239735486,298.6895681562812,-0.0032624499778319896,0.23857392997641216,0.010993908181310033
outer,-18.241979149511767,298.77306950182253,-0.0033114087738064443,0.24109111613454953,0.010348614437016908
outer,-18.038740032507917,298.5219028182334,-0.0034111469193893185,0.2453096732393304,0.012501453671755716
outer,-18.008526525910643,298.6058480946259,-0.0034665469545210395,0.24795279843348972,0.01185801675248832
outer,-17.97828995728872,298.6895681562812,-0.0035233825071722055,0.2506181671515894,0.011207914807789196
outer,-17.948028628249613,298.77306950182253,-0.003581729740817094,0.25330600342342224,0.010551073027429532
outer,-17.747001984520285,298.5219028182334,-0.0036781748029663247,0.2571619419256064,0.012716022829040961
outer,-17.716051563127994,298.6058480946259,-0.003743836734803052,0.25997914944884404,0.012062756120808295
outer,-17.685077517222634,298.6895681562812,-0.003811477575577933,0.26282103063501755,0.011402520163555571
outer,-17.65407810698736,298.7730695018226,-0.0038811892880190185,0.26568785623991575,0.010735229383619406
outer,-17.455263936532653,298.5219028182334,-0.003973404526171766,0.2691184113072654,0.012901979574051016
outer,-17.42357660034535,298.6058480946259,-0.004051401322183283,0.27211764239866765,0.012240203230216185
outer,-17.39186507715645,298.6895681562812,-0.004132011432014082,0.2751442724194412,0.011571168725343917
outer,-17.360127585725206,298.77306950182253,-0.004215344180160778,0.2781986290418096,0.01089477969805007
outer,-17.16352588854507,298.5219028182334,-0.004302715833727377,0.2811298698545598,0.013049799787109503
outer,-17.131101637562647,298.6058480946259,-0.004395382207496627,0.28431900741455146,0.012381114062608153
outer,-17.09865263709031,298.6895681562812,-0.004491389584881746,0.2875385934062545,0.01170491517139928
outer,-17.066177064462952,298.7730695018226,-0.004590865635470787,0.2907890242074203,0.011021096961650045
outer,-16.871787840557435,298.5219028182334,-0.004673336236827266,0.2931332346239083,0.013146638612946543
outer,-16.83862667477995,298.60584809462586,-0.0047832386161974424,0.2965197945156095,0.012472991410034606
outer,-16.805440197024225,298.6895681562812,-0.004897299566822486,0.2999401992780074,0.011791637343856992
outer,-16.7722265432007,298.77306950182265,-0.005015665149450302,0.3033949272697847,0.01110246306827399
outer,-16.580049792569852,298.52190281823334,-0.005094046275745515,0.3050474257449657,0.01317529832229733
outer,-16.546151711997304,298.6058480946259,-0.005223921473109107,0.3086380943260847,0.012499070726642234
outer,-16.512227756958037,298.6895681562812,-0.005358851281862226,0.3122663616734089,0.011815043155914903
outer,-16.478276021938495,298.7730695018226,-0.005498998847631879,0.3159328025528916,0.011123100038948758
outer,-16.28831174458222,298.5219028182334,-0.0055753801628510985,0.316768116028057,0.013112941143810786
outer,-16.253676749214655,298.6058480946259,-0.005728033346513596,0.3205680816637413,0.012437055572085076
outer,-16.21901531689195,298.68956815628127,-0.005886693559732946,0.32440974775510045,0.011753432500764507
outer,-16.18432550067629,298.7730695018226,-0.006051537872497029,0.3282938004454258,0.011061962500381911
outer,-15.996573696594586,298.5219028182334,-0.0061298113628191625,0.3281611016829342,0.012929500344160877
outer,-15.961201786431955,298.6058480946259,-0.006307963055231104,0.33217311487408885,0.012257556780040452
outer,-15.925802876825815,298.68956815628127,-0.006493094750990525,0.3362312373850449,0.011578169290505577
outer,-15.890374979414087,298.7730695018226,-0.006685391852296239,0.3403362812703118,0.010891247689296876
outer,-15.704835648607004,298.5219028182334,-0.006771912901310212,0.33905399321408086,0.012585734315381819
outer,-15.668726823649308,298.6058480946259,-0.00697798431689331,0.3432770740231925,0.011922180893724571
outer,-15.63259043675968,298.6895681562812,-0.00719197639323476,0.34755089436880104,0.011251810124173867
outer,-15.596424458151883,298.7730695018226,-0.007414074213864551,0.3518764048336329,0.010574570609872241
outer,-15.413097600619421,298.5219028182334,-0.007518485227961114,0.34922586743191375,0.012030855078527136
outer,-15.37625186086666,298.6058480946259,-0.007754311472824529,0.35365355906304624,0.011381199793537716
outer,-15.339377996693543,298.68956815628127,-0.007998893289982212,0.35813669213228294,0.010725822221790235
outer,-15.30247393688968,298.77306950182253,-0.008252403052458099,0.3626763643379288,0.010064737922452674
outer,-15.12135955263179,298.5219028182334,-0.008388651228128666,0.35839444568711826,0.011199640578591533
outer,-15.083776898084013,298.6058480946259,-0.008655113051028535,0.3630124873903565,0.010570710727285715
outer,-15.046165556627457,298.6895681562812,-0.00893096202806929,0.3676905062519536,0.009937799926884941
outer,-15.008523415627527,298.77306950182253,-0.009216340922525705,0.372429748739157,0.009301030263739643
outer,-14.829621504644207,298.52190281823334,-0.009403931558491688,0.36620025847589016,0.01000890180912753
outer,-14.791301935301364,298.6058480946259,-0.00970049898736685,0.3709835157713105,0.009409156156862053
outer,-14.75295311656132,298.68956815628127,-0.010006756457925724,0.37583076164085333,0.008808047924527232
outer,-14.714572894365324,298.7730695018226,-0.010322794846774376,0.3807433820635273,0.008205860288660341
outer,-14.537883456656726,298.5219028182334,-0.010588336273092129,0.3721871031163487,0.008353108079089164
outer,-14.498826972518767,298.60584809462586,-0.010912522304734308,0.3770955421479148,0.007793002101609464
outer,-14.459740676495336,298.68956815628127,-0.01124621597202307,0.382070935167449,0.007235325711459892
outer,-14.420622373103221,298.7730695018226,-0.011589427543901805,0.38711478201558214,0.006680597441098876
outer,-14.246145408669499,298.5219028182334,-0.011968545322496492,0.375777865832588,0.0060988522200669665
outer,-14.206352009736527,298.6058480946259,-0.01231527709056976,0.3807512786673623,0.005591245836395281
outer,-14.166528236429606,298.6895681562812,-0.012670658005148612,0.3857928186364011,0.005091413889653368
outer,-14.126671851841476,298.7730695018226,-0.013034581108640114,0.39090404960279423,0.004600210649836192
outer,-13.954407360683494,298.5219028182334,-0.013574297595154279,0.3762444093034768,0.0030776170581112705
outer,-13.913877046955458,298.6058480946259,-0.013935229455780157,0.38119546452879893,0.002638190045349459
outer,-13.873315796365098,298.68956815628127,-0.014303049433771798,0.38621296566034574,0.002213915923834228
outer,-13.83272133058085,298.77306950182265,-0.014677486697633472,0.3912984546834192,0.0018061203365169337
outer,-13.66266931270156,298.5219028182334,-0.015439171249904942,0.3726696342790814,-0.000924108447366706
outer,-13.62140208417851,298.6058480946259,-0.015802000576843042,0.37747459500638736,-0.001276522546795708
outer,-13.580103356304711,298.68956815628127,-0.016168796172914134,0.38233993998460003,-0.0016037648546802785
outer,-13.538770809324447,298.7730695018226,-0.016539063597442515,0.3872670472393271,-0.0019038537420609652
outer,-13.370931264733978,298.5219028182334,-0.017601810100238428,0.3638989383185445,-0.006179075222850036
outer,-13.328927121416013,298.6058480946259,-0.01794971653541138,0.36838497075641863,-0.0064224473035767865
outer,-13.286890916258828,298.68956815628127,-0.018297235705238696,0.3729186924182553,-0.006627230563505643
outer,-13.244820288082549,298.7730695018226,-0.018643573398281113,0.3775010796918774,-0.006790532152503012
outer,-13.07919321681479,298.5219028182334,-0.020107395933960086,0.34847702021099286,-0.01304115704788493
outer,-13.036452158702065,298.6058480946259,-0.020418902523722526,0.35240422173254604,-0.01315102730647763
outer,-12.99367847626185,298.6895681562812,-0.020724031808545106,0.35635628679445625,-0.013204578171648454
outer,-12.950869766889808,298.7730695018226,-0.02102159909284012,0.3603333677370393,-0.013197644705413111
outer,-12.787455169053663,298.52190281823334,-0.023003385207969032,0.3245661486765243,-0.021980448657161034
outer,-12.743977196147043,298.6058480946259,-0.02325277488885062,0.32760115057930134,-0.021932691198531563
outer,-12.70046603642451,298.6895681562812,-0.02348826105909247,0.33062219541789833,-0.021805585961639548
outer,-12.656919245857623,298.77306950182253,-0.023708213533143715,0.33362774657881333,-0.02159317829397768
outer,-12.495717121795877,298.5219028182334,-0.026316640267950074,0.28984606372832566,-0.033643379676367074
outer,-12.45150223409801,298.60584809462586,-0.026475065273942354,0.2915228494364625,-0.03342218648779472
outer,-12.407253597095805,298.6895681562812,-0.02661173483825504,0.2931203061953306,-0.0330928528656899
outer,-12.362968725336666,298.77306950182253,-0.02672490124515072,0.29463308502836566,-0.03264697897201344
outer,-12.20397907608308,298.5219028182334,-0.02975235599447496,0.24146648486987118,-0.04891449415823322
outer,-12.159027273602002,298.60584809462586,-0.0297549358551995,0.24114200120786067,-0.04852637740569841
outer,-12.114041159328165,298.6895681562812,-0.02972631326117466,0.2406297565507346,-0.04799670628718073
outer,-12.069018206384765,298.77306950182253,-0.029665453063648962,0.23991593858848748,-0.04731415972098792
outer,-11.912241035005035,298.5219028182334,-0.045979653651019366,0.17320199913459883,-0.07170960633926927
outer,-11.86655231776487,298.6058480946259,-0.04757596684977772,0.16959113579474472,-0.0716026633703653
outer,-11.820828726243525,298.6895681562812,-0.04938852813075473,0.16555872171884295,-0.07137779996618841
outer,-11.775067692140036,298.77306950182265,-0.05145392298463334,0.16106645213606258,-0.07102942010237888
outer,-11.62050300733677,298.5219028182334,-0.11853114550898784,0.0774197071722149,-0.1105753634867203
outer,-11.574077375407136,298.6058480946259,-0.12787177634029023,0.06878134668922944,-0.11195892050415548
outer,-11.527616306708047,298.6895681562812,-0.13829404216610386,0.05937014843196373,-0.11336322112467292
outer,-11.481117191514288,298.7730695018226,-0.1499211722621338,0.04912020830075067,-0.11479835402532004
outer,-11.328765017380011,298.5219028182334,-0.27610809264514746,-0.03402922724372021,-0.16470485731680778
outer,-11.281602470957083,298.6058480946259,-0.2975902904419999,-0.04687153166010579,-0.1676935754169971
outer,-11.234403925276428,298.6895681562812,-0.3207939237849803,-0.06052542411295271,-0.17071695945513196
outer,-11.187166729188831,298.77306950182253,-0.3458105341480086,-0.07502416612816301,-0.17377101738336617
outer,-11.037027130480805,298.52190281823334,-0.4848213314007939,-0.13144537404253231,-0.2163046278627963
outer,-10.98912767010029,298.6058480946259,-0.5145977806651255,-0.14502548059617798,-0.218833058370542
outer,-10.941191647974337,298.6895681562812,-0.5456482856465815,-0.15910084867932012,-0.22114972044627434
outer,-10.893216371529476,298.77306950182253,-0.5779207473052623,-0.1736637629512724,-0.22322280304213346
outer,-10.745289515347988,298.52190281823334,-0.6920437291988348,-0.20195276808167514,-0.249293282931692
outer,-10.696653142422916,298.6058480946259,-0.7235514011114348,-0.21459714386174591,-0.24950174838085312
outer,-10.647979645265716,298.68956815628115,-0.7555131066165275,-0.22761250304419162,-0.24930982417286543
outer,-10.599266289878807,298.77306950182253,-0.7878268482013636,-0.24101386211303616,-0.24870351286418102
outer,-10.453552600771676,298.5219028182334,-0.8743356264267892,-0.2558631265452535,-0.2627489500077435
outer,-10.404179318944319,298.6058480946259,-0.9040949268700409,-0.2684254138662754,-0.26066413207346906
outer,-10.354768350400937,298.6895681562812,-0.9337847731583726,-0.28145461558419066,-0.25825223901385663
outer,-10.305316919720054,298.7730695018225,-0.963321837906723,-0.29497015511960645,-0.25554227738974783
outer,-10.16181742490502,298.5219028182334,-1.0305536176704742,-0.3049891687287224,-0.2644497029516
outer,-10.111707243215122,298.60584809462586,-1.0574132474843954,-0.31819271434137286,-0.2611885009030541
outer,-10.061558812332228,298.6895681562812,-1.0838747865097418,-0.33181896166668934,-0.2578199113429089
outer,-10.011369315411416,298.77306950182253,-1.1098555314835226,-0.3458321990379406,-0.25439614332335236
outer,-9.87008645028159,298.5219028182334,-1.1635217400972204,-0.3521136234959056,-0.26171690684066495
outer,-9.819239390571981,298.6058480946259,-1.186918023862991,-0.36548501069861505,-0.25834763857104154
outer,-9.768353519209043,298.68956815628115,-1.2096603415288574,-0.37901595745500705,-0.25507280764367635
outer,-9.717425977925684,298.77306950182253,-1.23167259713345,-0.3926190075227007,-0.2519378475456871
outer,-9.578365316728325,298.5219028182333,-1.2757395092303978,-0.3950030216716655,-0.2586081158568621
outer,-9.526781430164002,298.6058480946258,-1.2955271659688703,-0.40760984174531145,-0.2557203080591103
outer,-9.47515816952505,298.6895681562812,-1.314549374154191,-0.4200800199193804,-0.2530308803014983
outer,-9.423492635125209,298.7730695018225,-1.3327721164240158,-0.43232901270530555,-0.25056019982368316
outer,-9.286666452787612,298.52190281823334,-1.3706031828193537,-0.43154538424703986,-0.25650637120526154
outer,-9.2343458551513,298.60584809462586,-1.387223964953473,-0.44279055114684507,-0.25422977117731577
outer,-9.181985321107401,298.6895681562812,-1.403155124109976,-0.45373653331923963,-0.2521555949159159
outer,-9.129581909557002,298.77306950182253,-1.4184167768583762,-0.46434349227172744,-0.2502795144280061
outer,-8.995016793676417,298.52190281823334,-1.4523833311972107,-0.46143724594877666,-0.25529083002682323
outer,-8.941959740790562,298.60584809462586,-1.4666699369620286,-0.4712617130273466,-0.25348603422067595
outer,-8.888862189359372,298.6895681562812,-1.480457404119028,-0.48077913477540724,-0.2518330702913131
outer,-8.83572115688563,298.77306950182253,-1.4937951230653308,-0.4899922017152908,-0.25031618449292803
outer,-8.703471654388773,298.5219028182333,-1.5251461708709024,-0.4856857609395031,-0.25433120954236127
outer,-8.649678689665544,298.6058480946258,-1.537945962614999,-0.4943515409923499,-0.25279321529280374
outer,-8.59584466467428,298.6895681562812,-1.5504385033767576,-0.5027784924798144,-0.2513509305856749
outer,-8.541966555549742,298.77306950182253,-1.5626695409243352,-0.5109852673248799,-0.24998977442363285
outer,-8.412142551064132,298.5219028182333,-1.5919062669821593,-0.5056037790479398,-0.2530736003955543
outer,-8.357614797703032,298.6058480946258,-1.6038310188836058,-0.5134147433051103,-0.2516477561647976
outer,-8.303045423208369,298.68956815628115,-1.6155772643222348,-0.521054848353784,-0.2502797452171308
outer,-8.248431362410289,298.77306950182253,-1.6271724833886594,-0.5285391317690417,-0.24896069274033644
outer,-8.121244673699838,298.5219028182333,-1.6544784920761308,-0.522208618800444,-0.25121798460138783
outer,-8.065984373701491,298.60584809462574,-1.6658725719523346,-0.5293772091417559,-0.24982107508307178
outer,-8.010681893415398,298.6895681562812,-1.6771531638731365,-0.5364159332208942,-0.2484624696352411
outer,-7.955334126493089,298.7730695018225,-1.6883325735387125,-0.5433322961876323,-0.24713770935120827
outer,-7.831175361525723,298.52190281823334,-1.7137876046675766,-0.5361322815095927,-0.24867029189949977
outer,-7.775186822709828,298.60584809462586,-1.7248155790212767,-0.542780349059367,-0.24726673084456774
outer,-7.719155547740136,298.6895681562812,-1.7357573464907772,-0.5493189216687362,-0.245892161615196
outer,-7.663078389331688,298.7730695018225,-1.7466176668803792,-0.5557511735038254,-0.24454415263542778
outer,-7.542644151342762,298.52190281823334,-1.7702271039631372,-0.5477589479043161,-0.2454473378068896
outer,-7.485935370504316,298.60584809462586,-1.780963088161459,-0.5539600378798598,-0.24402300689228362
outer,-7.429183303749941,298.6895681562812,-1.7916235644120588,-0.5600629427989904,-0.24262222869421984
outer,-7.372384763307843,298.7730695018225,-1.8022104887554242,-0.5660693628696898,-0.24124320654826176
outer,-7.2568315105459655,298.5219028182333,-1.8238701958912982,-0.5573566113600495,-0.2416118139603693
outer,-7.199416621885451,298.6058480946258,-1.8343468438624235,-0.563165884839143,-0.24015912508691495
outer,-7.141957908335773,298.68956815628115,-1.844751992174297,-0.5688854138514025,-0.23872549957377864
outer,-7.084452142432427,298.7730695018225,-1.8550866013631455,-0.5745165633362144,-0.23730926243236916
outer,-6.975574597055891,298.5219028182333,-1.874555606849097,-0.5651433718711372,-0.2372438722823329
outer,-6.917477286400197,298.6058480946258,-1.884783631731407,-0.5706094166389913,-0.23575565166023416
outer,-6.859335629961344,298.68956815628115,-1.8949410808409075,-0.5759933605629797,-0.23428199136985522
outer,-6.801146361913828,298.7730695018225,-1.905028521748923,-0.5812965776668985,-0.23282119669089626
outer,-6.701466758061531,298.52190281823334,-1.9219444171697688,-0.5713153188783879,-0.23243550201381194
outer,-6.642724194391306,298.6058480946258,-1.9319211158660077,-0.5764830744096071,-0.23090349092736479
outer,-6.5839367924151375,298.6895681562811,-1.9418266104369535,-0.5815761675124314,-0.22938139497851678
outer,-6.525101250035966,298.7730695018224,-1.951661334142954,-0.586596131101934,-0.2278674930127108
outer,-6.437756763301255,298.5219028182333,-1.9656233470618985,-0.5760695482565155,-0.22729758742226758
outer,-6.378423006379235,298.6058480946258,-1.975339246144883,-0.5809807082520543,-0.2257133922446384
outer,-6.319043959892442,298.6895681562812,-1.984982647927221,-0.5858245982927933,-0.22413457263774134
outer,-6.25961628851094,298.7730695018225,-1.994553962287329,-0.590602988802649,-0.22255943834037906
outer,-6.187822331310555,298.5219028182333,-2.0052519998283906,-0.5796226831526075,-0.22196287486489477
outer,-6.127969002103553,298.60584809462586,-2.014697218991755,-0.5843156980596336,-0.22031998740362618
outer,-6.06806998674124,298.6895681562812,-2.0240684693708477,-0.5889487171054139,-0.2186784227032778
outer,-6.008121920687029,298.7730695018225,-2.0333661404425345,-0.5935237515059962,-0.21703660712164952
outer,-5.954508337268054,298.52190281823334,-2.0406943748445654,-0.5822149358409704,-0.21657848512371997
outer,-5.894221847623791,298.6058480946258,-2.0498634463048435,-0.5867248975228427,-0.2148740521512748
outer,-5.833889341192072,298.6895681562812,-2.05895706041375,-0.5911817718888557,-0.21316770123267414
outer,-5.773507429087,298.7730695018225,-2.0679755181141695,-0.5955877350778676,-0.21145806160797803
outer,-5.739450050080925,298.52190281823334,-2.072068321521715,-0.5840889629296524,-0.21128211417493614
outer,-5.678825313825751,298.6058480946258,-2.0809620767893433,-0.5884471190731333,-0.20951746951345906
outer,-5.618154302598822,298.6895681562812,-2.0897788263985717,-0.5927583944860522,-0.20774863729707038
outer,-5.557433608500477,298.77306950182253,-2.098518683598384,-0.5970249886002424,-0.2059745170142539
outer,-5.542918492991113,298.5219028182333,-2.0996919813256003,-0.585455518065867,-0.20617936521561242
outer,-5.482051833036947,298.60584809462586,-2.108316641107515,-0.5896884950978327,-0.2043592905789116
outer,-5.421138713450261,298.6895681562812,-2.11686259902835,-0.593879789367802,-0.20253371427611222
outer,-5.364099635296533,298.52190281823334,-2.1240002143253975,-0.5864780498591219,-0.20133634326604857
outer,-5.360175712732053,298.7730695018225,-2.125329692816525,-0.598031450095627,-0.20070184485202403
outer,-5.303083142302371,298.6058480946258,-2.132365308496094,-0.5906074016371172,-0.19946772574553567
outer,-5.242020075307828,298.6895681562812,-2.1406498288906235,-0.5946990744498433,-0.19759311002523727
outer,-5.201325867208467,298.52190281823334,-2.1454568002660173,-0.5872658684040216,-0.1967763840660076
outer,-5.180907004391437,298.7730695018225,-2.148853289573816,-0.598754800174064,-0.19571202031712104
outer,-5.140242961710249,298.6058480946258,-2.1535730562865525,-0.5913081145417678,-0.19486684324941922
outer,-5.0791134315188495,298.6895681562812,-2.161606734070228,-0.595315451733498,-0.19295142562192344
outer,-5.052771724748447,298.52190281823334,-2.164486997982687,-0.5878847282186306,-0.192497998926735
outer,-5.017933842979493,298.7730695018225,-2.169557022155137,-0.599289163509396,-0.1910299457091732
outer,-4.991696336454172,298.6058480946258,-2.1723649988939964,-0.5918519596424666,-0.19055496706265018
outer,-4.930574329204588,298.68956815628115,-2.180158388936051,-0.5957859148221751,-0.188606589603388
outer,-4.916649641583125,298.5219028182333,-2.181468488642048,-0.588378169611755,-0.18848677205698988
outer,-4.869402269767553,298.77306950182253,-2.1878660769865643,-0.5996873562350461,-0.18665292081317306
outer,-4.855646406407804,298.6058480946258,-2.1891182412646057,-0.592279095954785,-0.1865170133827214
outer,-4.794596607351814,298.68956815628115,-2.1966814678336593,-0.5961474369108934,-0.1845426675157733
outer,-4.791175701691986,298.52190281823334,-2.1967230491166285,-0.588771817081938,-0.1847166960606456
outer,-4.733496815238904,298.7730695018226,-2.2041568864780854,-0.5999834263154936,-0.18256396285249238
outer,-4.730299980736095,298.6058480946258,-2.2041538472219684,-0.5926127125376238,-0.1827260695188015
outer,-4.674930811677063,298.52190281823334,-2.210515783534217,-0.5890829928201388,-0.18116409235012862
outer,-4.669377793231426,298.6895681562812,-2.2114964742001897,-0.5964210134521223,-0.18073169590972635
outer,-4.614230587987568,298.60584809462586,-2.2177362957855475,-0.5928684929978224,-0.17915756133779537
outer,-4.608405717169633,298.77306950182253,-2.2187495712412217,-0.6001964721201976,-0.17873390545747833
outer,-4.566577497167207,298.52190281823334,-2.223062648323315,-0.589322855438442,-0.1778024111624663
outer,-4.553484031706575,298.6895681562812,-2.224867384239273,-0.5966209290861003,-0.17714809490951866
outer,-4.506093800085294,298.6058480946258,-2.2300810784306866,-0.5930565938418426,-0.17578408668889733
outer,-4.492687730691106,298.7730695018225,-2.231907728800526,-0.6003396565994754,-0.1751360526116574
outer,-4.465199910010433,298.5219028182333,-2.2345406153705474,-0.5895023868372561,-0.17461398222194846
outer,-4.445563935687143,298.68956815628115,-2.237009303764666,-0.5967565541344014,-0.17376353251522658
outer,-4.404969007262209,298.6058480946258,-2.241364814324772,-0.5931874155424125,-0.1725872712095157
outer,-4.384984504001223,298.7730695018225,-2.2438461448177973,-0.6004218023847258,-0.171741071430571
outer,-4.3697658762583815,298.52190281823334,-2.24510269252134,-0.5896301426062688,-0.1715755139895285
outer,-4.344692130156046,298.6895681562812,-2.24809853636275,-0.5968378879118708,-0.17055888294756344
outer,-4.309818669161408,298.60584809462586,-2.2517401769112873,-0.5932692081085501,-0.16954317008423375
outer,-4.284365892930876,298.77306950182253,-2.254740824056399,-0.600452697641449,-0.16852904967991378
outer,-4.279557859466068,298.52190281823334,-2.2548721476689177,-0.5897123988667059,-0.1686702890862826
outer,-4.249825704251939,298.6895681562812,-2.2582874220151603,-0.5968730139680488,-0.16750952688199708
outer,-4.21992151877143,298.60584809462586,-2.2613301222457447,-0.5933080866290397,-0.1666345553848849
outer,-4.193910800182199,298.52190281823334,-2.263947321338884,-0.5897542154772822,-0.16588222786057422
outer,-4.189783611716261,298.77306950182253,-2.264743749317802,-0.6004403951081159,-0.16547468745762173
outer,-4.160239657549197,298.6895681562812,-2.267698578584229,-0.5968679846678322,-0.16459772418399846
outer,-4.134609038909205,298.60584809462586,-2.270232743176822,-0.5933090733070949,-0.16384492958770072
outer,-4.112427705395073,298.52190281823334,-2.2724127825206435,-0.5897626662265794,-0.16320267466257676
outer,-4.100508923460386,298.7730695018225,-2.2739771452122874,-0.6003909678859548,-0.1625597457179901
outer,-4.075262012493721,298.6895681562812,-2.276429794877266,-0.596827840552967,-0.16180656975659374
outer,-4.053482172544002,298.60584809462586,-2.2785323207667973,-0.5932792182991918,-0.1611653307133617
outer,-4.034463904566919,298.5219028182334,-2.2803420832269667,-0.589741221927015,-0.16061463244981034
outer,-4.015866387404378,298.7730695018225,-2.2825384094654426,-0.6003095087980093,-0.15976693531579633
outer,-3.9944916464602356,298.6895681562812,-2.2845649867906657,-0.5967596302090316,-0.15912681344677423
outer,-3.9758928974109558,298.60584809462586,-2.286302054591798,-0.5932219729603343,-0.15857845875242843
outer,-3.959831030791155,298.5219028182334,-2.2877926392348233,-0.589694720826387,-0.1581140706066389
outer,-3.9354528136371227,298.77306950182253,-2.2905109899696696,-0.6002030642606699,-0.15708674763553684
outer,-3.91727718289844,298.6895681562812,-2.2921769154577314,-0.5966667842514395,-0.15654087603854255
outer,-3.901651867259199,298.60584809462586,-2.2935990251317238,-0.5931421424815521,-0.15608011945656908
outer,-3.888051992648944,298.52190281823334,-2.2948194369961454,-0.5896270824197716,-0.15568841133599992
outer,-3.858613468576008,298.77306950182253,-2.2979671067426346,-0.6000750225437569,-0.15450135792119546
outer,-3.8434282954656247,298.6895681562812,-2.2993222464027725,-0.5965540602382778,-0.15404442737662485
outer,-3.830279510208577,298.60584809462586,-2.300477824779635,-0.5930435982604719,-0.15365754921084576
outer,-3.818877915085559,298.52190281823334,-2.301466160779738,-0.5895409289567672,-0.1533309913095767
outer,-3.785157044983708,298.77306950182253,-2.304962923680792,-0.599930061900551,-0.15200633577130454
outer,-3.7724629299269994,298.6895681562812,-2.3060551082078793,-0.5964252571945505,-0.15162454671391173
outer,-3.7615256572701945,298.60584809462586,-2.306981759912797,-0.5929288903780602,-0.15130397959353747
outer,-3.7520775458560713,298.5219028182334,-2.307769085907022,-0.5894393223145263,-0.15103594307347365
outer,-3.7145990042383463,298.77306950182253,-2.311552035390122,-0.5997718703441132,-0.14958863697736474
outer,-3.7041296223718456,298.6895681562812,-2.312418369364958,-0.5962828209375101,-0.14927438724760148
outer,-3.6951578538882828,298.6058480946259,-2.3131467569972606,-0.592801004391323,-0.14901346796621737
outer,-3.687436858340733,298.52190281823334,-2.3137606928105963,-0.5893248817341508,-0.14879768057121887
outer,-3.6466865864467555,298.77306950182253,-2.317776813669242,-0.5996027443794397,-0.14724136470818922
outer,-3.6381947150157767,298.6895681562812,-2.318447557366373,-0.5961296249327084,-0.14698795449903412
outer,-3.630960960690417,298.60584809462586,-2.3190049423696624,-0.5926624591021938,-0.1467803723648715
outer,-3.6247585155261985,298.5219028182334,-2.3194700038237466,-0.5891998349280221,-0.1466109316458113
outer,-3.581184929610671,298.7730695018226,-2.3236723404458632,-0.5994254002963816,-0.14495849538379374
outer,-3.5744419548844055,298.6895681562812,-2.3241744041371124,-0.5959680516343876,-0.14475956966135806
outer,-3.56873661468206,298.60584809462586,-2.3245849898960893,-0.592515365039189,-0.1445993790468442
outer,-3.5638612282617506,298.5219028182333,-2.3249227173660434,-0.5890660355435022,-0.14447076069304024
outer,-3.517876666241815,298.77306950182253,-2.32926991898991,-0.5992420430888483,-0.14273433052468767
outer,-3.512671952218925,298.6895681562812,-2.3296272054630234,-0.5958000615866544,-0.1425838925115655
outer,-3.508302584166462,298.6058480946259,-2.3299122661228675,-0.5923614498498629,-0.1424655219551884
outer,-3.504586086593428,298.5219028182334,-2.3301375865145166,-0.5889244116134452,-0.14237288357201616
outer,-3.4565613789762737,298.77306950182253,-2.3345974455688587,-0.5990544487273135,-0.140563516036825
outer,-3.452701532056782,298.68956815628115,-2.3348309768876163,-0.5956272281309885,-0.1404559381736743
outer,-3.449499132995701,298.60584809462586,-2.3350052471304563,-0.592201521874297,-0.1403745043949693
outer,-3.4469368893925365,298.52190281823334,-2.335131756714544,-0.5887775767262544,-0.14031816615771847
outer,-3.3970549488134516,298.7730695018226,-2.339679574610253,-0.5988640083381483,-0.13844105702205178
outer,-3.394370131425883,298.6895681562812,-2.3398039068487657,-0.5954502150471266,-0.13837140627516442
outer,-3.392330079792071,298.60584809462586,-2.3398808369430317,-0.5920380760201519,-0.1383272102302635
outer,-3.390633348393,298.52190281823334,-2.3399260823572776,-0.5886263614687617,-0.13829842553070873
outer,-3.3391959852797544,298.7730695018226,-2.3445342050801314,-0.598671217847691,-0.1363626552959366
outer,-3.3376815887142204,298.6895681562812,-2.3445626569044347,-0.5952713793432176,-0.136331204871304
outer,-3.336513679033742,298.6058480946259,-2.344559613384186,-0.591871816282149,-0.1363154145456355
outer,-3.3356228087996236,298.52190281823334,-2.3445340338054526,-0.5884712489859202,-0.13631228982536372
outer,-3.2829883465452054,298.7730695018226,-2.3491777625355073,-0.5984782792623303,-0.13432924616111824
outer,-3.2823527000321335,298.6895681562812,-2.349127531284561,-0.5950912834521535,-0.13432706998845656
outer,-3.2819970021662708,298.60584809462586,-2.349054832488594,-0.5917030966674738,-0.1343377548862682
outer,-3.28186863323791,298.5219028182334,-2.3489678240098293,-0.5883139160439627,-0.1343592254994988
outer,-3.2291888059837492,298.52190281823334,-2.3532401332618598,-0.5881545460020469,-0.13243394387456037
outer,-3.228743221332708,298.6058480946259,-2.353378537723614,-0.5915334878284337,-0.13239370708960382
outer,-3.228330262856931,298.6895681562812,-2.3535115758904332,-0.5949101382539335,-0.13235764934353747
outer,-3.228147369158004,298.7730695018226,-2.3536302861136824,-0.5982856008606621,-0.13233252640356324
outer,-3.1776109020658354,298.52190281823334,-2.357360103667363,-0.5879941710570328,-0.130537673266217
outer,-3.176569374485176,298.6058480946259,-2.35754323068644,-0.5913630632057705,-0.1304779616176342
outer,-3.17557725870372,298.6895681562812,-2.3577266727711876,-0.5947293987397372,-0.13042242755129635
outer,-3.174619576402893,298.77306950182253,-2.357904619748789,-0.5980932389299694,-0.1303711518323771
outer,-3.1269949867628974,298.5219028182334,-2.3613388155398667,-0.5878334262821236,-0.12866641615555716
outer,-3.1255031800185433,298.60584809462586,-2.3615579205528547,-0.5911927497453504,-0.12859176446930368
outer,-3.123909778478539,298.68956815628127,-2.361785153073378,-0.5945490215783855,-0.128516072175324
outer,-3.1223677590109076,298.7730695018225,-2.3620124951309247,-0.5979025260589268,-0.12844461285663228
outer,-3.077271331150534,298.5219028182334,-2.3651838160533383,-0.5876722063878521,-0.12681826511322214
outer,-3.0754039756724785,298.6058480946259,-2.3654335520542045,-0.5910230919035041,-0.1267310977439787
outer,-3.073355684051993,298.6895681562812,-2.365695902510509,-0.5943698236892716,-0.12663984421305396
outer,-3.071207060066609,298.77306950182253,-2.3659660837497323,-0.5977132982887019,-0.12654755033299026
outer,-3.0284836754787188,298.5219028182334,-2.3689014568271696,-0.5875117100446223,-0.12499502793639419
outer,-3.026201669992832,298.6058480946259,-2.3691775612707615,-0.5908538888271531,-0.12489405061982375
outer,-3.023773585069291,298.68956815628127,-2.369469739742147,-0.5941922567797168,-0.1247897020528074
outer,-3.021165485033588,298.7730695018226,-2.3697741590911394,-0.5975262603390974,-0.12468123616797619
outer,-2.9804592961814715,298.52190281823334,-2.3725016917982695,-0.5873520458842311,-0.12319145461320208
outer,-2.9779402306407112,298.60584809462586,-2.3727962257336235,-0.590686262462087,-0.12308244339241639
outer,-2.975093027269597,298.6895681562812,-2.373113997490439,-0.594016022358575,-0.12296372782157107
outer,-2.9721009148664805,298.77306950182253,-2.3734474236218763,-0.5973417709856739,-0.12284160049801704
outer,-2.933171513239407,298.5219028182334,-2.375989320761102,-0.587192884843884,-0.12140693914608915
outer,-2.9304460360376727,298.6058480946259,-2.3762993887494224,-0.5905202478045714,-0.1212909899470292
outer,-2.927358205899092,298.6895681562812,-2.3766348869144793,-0.5938421652245557,-0.12116375051091985
outer,-2.923942532200827,298.7730695018226,-2.3769931139536267,-0.5971594336352604,-0.12102671380713233
outer,-2.88668801679817,298.52190281823334,-2.3793678447721085,-0.5870353209500728,-0.11964409814406982
outer,-2.883692267451385,298.6058480946259,-2.3796917780787057,-0.5903554359553476,-0.11951908414321091
outer,-2.880394600681241,298.6895681562812,-2.380042146885653,-0.5936706482125852,-0.11938444402610845
outer,-2.8767347600540334,298.77306950182253,-2.3804173820934404,-0.5969802171972001,-0.11923840938873269
outer,-2.84085796199574,298.52190281823334,-2.382645161244419,-0.5868794316446696,-0.11789831018912406
outer,-2.837746966957445,298.6058480946259,-2.3829768648555487,-0.5901928669723978,-0.11776935570144563
outer,-2.8341752540648164,298.68956815628127,-2.383340438820997,-0.5935009835892923,-0.11762519879563398
outer,-2.8303021787155713,298.77306950182253,-2.3837298684732136,-0.5968040154987709,-0.11747131709204886
outer,-2.7956527593600127,298.52190281823334,-2.3858271162384237,-0.5867250990728872,-0.11616870783655645
outer,-2.7924585054315405,298.60584809462586,-2.3861624691878762,-0.5900325658008065,-0.11603714700577271
outer,-2.7887685603241126,298.68956815628127,-2.3865332103164727,-0.5933341594725687,-0.11588865455012207
outer,-2.7846176917017313,298.77306950182253,-2.3869351736633866,-0.5966302642641456,-0.11572482058573408
outer,-2.7510450314508175,298.5219028182334,-2.3889172758601305,-0.5865724497968057,-0.11445470647390796
outer,-2.7477981447610658,298.6058480946259,-2.3892543691980146,-0.5898743518585173,-0.11432157885845107
outer,-2.7440221054738676,298.68956815628127,-2.3896282084600298,-0.5931701512031946,-0.11417011433602732
outer,-2.739750045773842,298.77306950182265,-2.3900367274504584,-0.5964599024978718,-0.1140015664327583
outer,-2.707028109184003,298.52190281823334,-2.3919183320262016,-0.5864216587154012,-0.11275642586831518
outer,-2.7037383651670215,298.6058480946259,-2.392256096465228,-0.5897183054797027,-0.11262205861949344
outer,-2.699907002647543,298.68956815628127,-2.3926311462645034,-0.5930087176189416,-0.11246868435471952
outer,-2.695546041442965,298.77306950182253,-2.393042207104277,-0.5962928592903713,-0.1122968151988588
outer,-2.6635951309549664,298.5219028182334,-2.3948338330940686,-0.5862731044864937,-0.1110738895937617
outer,-2.6602724628918155,298.6058480946259,-2.3951703193478835,-0.5895645597060074,-0.11093870203605974
outer,-2.656395589618613,298.6895681562812,-2.3955455234437695,-0.5928498949334388,-0.11078376144733972
outer,-2.651976642966904,298.7730695018226,-2.3959572622989045,-0.5961288354356691,-0.11060965572400043
outer,-2.6206748909825315,298.5219028182334,-2.3976685373278537,-0.5861267592556464,-0.10940491166845119
outer,-2.61739354065637,298.6058480946259,-2.3980005582021864,-0.5894134574293841,-0.10927152366869405
outer,-2.6134811279295316,298.6895681562812,-2.398373986969854,-0.5926937764614003,-0.10911545513354404
outer,-2.609014045554866,298.7730695018226,-2.398785362679722,-0.5959678255301122,-0.1089394719846414
outer,-2.5782450917353894,298.5219028182334,-2.4004261043745787,-0.5859825818966341,-0.10774887329499659
outer,-2.5750300224712896,298.6058480946259,-2.4007515263958346,-0.5892649352724895,-0.10761831448954505
outer,-2.571156684599672,298.6895681562812,-2.401120030975931,-0.5925406718911718,-0.10746376893430333
outer,-2.5666514760209553,298.7730695018226,-2.401529135306407,-0.5958098856071455,-0.10728636527698997
outer,-2.5362844117557373,298.5219028182334,-2.4031094010499063,-0.585840639654507,-0.106105262769202
outer,-2.533159494877508,298.6058480946259,-2.403426847169577,-0.5891189155199148,-0.10597844312989867
outer,-2.5293503131486816,298.68956815628127,-2.403788324869761,-0.5923904849345021,-0.10582646900189055
outer,-2.5248819656537367,298.77306950182253,-2.4041920493417024,-0.5956552949513267,-0.10565032629731232
outer,-2.4947724683461288,298.5219028182334,-2.4057211323273084,-0.5857009848919361,-0.10447358455414024
outer,-2.491760525564102,298.6058480946259,-2.4060293624251305,-0.5889754361566768,-0.10435138626952592
outer,-2.4880394841013933,298.68956815628127,-2.406382455874714,-0.5922431033891191,-0.10420290986356524
outer,-2.483633197178704,298.7730695018226,-2.4067787306095667,-0.5955039270397277,-0.10402909482502748
outer,-2.4536897813612777,298.52190281823334,-2.4082638506358074,-0.5855636572794145,-0.10285335921192798
outer,-2.450812625861362,298.6058480946259,-2.4085617534162593,-0.5888345227434817,-0.10273663663872189
outer,-2.4472026542089846,298.6895681562812,-2.4089052411104603,-0.5920985379363594,-0.10259255521947346
outer,-2.4428825250092223,298.7730695018226,-2.4092927300251863,-0.595355637230513,-0.10242200991729099
outer,-2.4130177381035374,298.5219028182334,-2.4107399649353196,-0.585428685822837,-0.1012441234010577
outer,-2.4102962143440965,298.6058480946259,-2.4110265501193164,-0.5886961905419039,-0.10113370312363992
outer,-2.406819228748668,298.6895681562812,-2.411359338010246,-0.5919567892734156,-0.10099488490955313
outer,-2.402608294868141,298.7730695018226,-2.411736839443466,-0.5952104108467405,-0.10082852109368337
outer,-2.3727385593175807,298.52190281823334,-2.4131517493898382,-0.5852960905628424,-0.09964542983464143
outer,-2.3701925815448326,298.6058480946259,-2.4134261405470037,-0.5885604464372225,-0.09954211089862636
outer,-2.366869524938099,298.68956815628127,-2.413747254149569,-0.5918178502516181,-0.09940939522737385
outer,-2.362789805892422,298.77306950182253,-2.414113692120995,-0.5950682257665573,-0.09924809437448302
outer,-2.3328352662762377,298.5219028182334,-2.415501351214992,-0.585165883836635,-0.0980568470939575
outer,-2.3304838557715017,298.6058480946259,-2.415762779315563,-0.5884272903084654,-0.09796140139356829
outer,-2.327334736466037,298.68956815628127,-2.4160713567988807,-0.591681707543178,-0.09783559911921852
outer,-2.3234072738596705,298.7730695018226,-2.4164257733834926,-0.5949290545611915,-0.09768021279097022
outer,-2.293291648946556,298.5219028182334,-2.4177907975809387,-0.58503807122655,-0.09647795932494231
outer,-2.2911529700222943,298.6058480946259,-2.4180385949837095,-0.5882967158755864,-0.09639113203635079
outer,-2.2881968991331414,298.6895681562813,-2.418333881004504,-0.5915483424729542,-0.09627302603593552
outer,-2.2844417955355922,298.77306950182265,-2.4186754299684483,-0.594792865547468,-0.09612437647373039
outer,-2.2540922352220787,298.5219028182334,-2.420022001976332,-0.5849126524895598,-0.09490836594808348
outer,-2.2521836299862246,298.6058480946259,-2.4202555965244485,-0.588168711454319,-0.09483087592858651
outer,-2.249438857595634,298.6895681562812,-2.4205369361707185,-0.5914177314655961,-0.09472122155705003
outer,-2.245875314137851,298.7730695018226,-2.4208648769442185,-0.5946596228680722,-0.09458010224406604
outer,-2.2152222612054215,298.52190281823334,-2.4221967704975826,-0.584789622599826,-0.09334768146978088
outer,-2.213560283115264,298.6058480946259,-2.4224156796421576,-0.5880432609058985,-0.0932802216432733
outer,-2.2110442332000715,298.6895681562812,-2.422682512256332,-0.5912898467960531,-0.09317974711321678
outer,-2.207690585908339,298.7730695018226,-2.4229962035198125,-0.5945292867763613,-0.09304692317030523
outer,-2.1766676425230296,298.5219028182334,-2.4243168081032773,-0.5846689727397537,-0.0917955353600887
outer,-2.1752680887525724,298.60584809462597,-2.4245206333222526,-0.5879203447359572,-0.0917387731627053
outer,-2.1729973928954824,298.68956815628127,-2.424772486432003,-0.5911646577268,-0.09164817995660496
outer,-2.169871147782047,298.7730695018226,-2.42507137953795,-0.5944018147290898,-0.09152438849654122
outer,-2.1384149466523645,298.5219028182334,-2.426383724672717,-0.5845506911173828,-0.0902515719026716
outer,-2.1372928892981,298.6058480946259,-2.4265721463143852,-0.5877999410059672,-0.09020614982314154
outer,-2.13528341920705,298.68956815628127,-2.4268086300788543,-0.5910421316275141,-0.09012611323035519
outer,-2.1324012861392103,298.7730695018226,-2.42709226294065,-0.5942771627840034,-0.09001206385473418
outer,-2.1004513662404634,298.5219028182334,-2.428399040589489,-0.5844347635213408,-0.08871544995533705
outer,-2.099621182391859,298.6058480946259,-2.428571813197734,-0.5876820259462417,-0.08868198614886529
outer,-2.097888081252248,298.6895681562813,-2.4287926154438395,-0.5909222346994367,-0.08861315591334225
outer,-2.095266006624032,298.7730695018226,-2.429060607218527,-0.5941552865728945,-0.08850953138954562
outer,-2.0627646933914154,298.5219028182334,-2.430364191828136,-0.584321173711155,-0.08718684263533219
outer,-2.06224009409376,298.60584809462597,-2.430521139795069,-0.5875665742897829,-0.087165931559107
outer,-2.0607978067803607,298.68956815628127,-2.4307260214916524,-0.5908049322689576,-0.08710893256946156
outer,-2.0584510050115683,298.7730695018226,-2.4309780678863593,-0.5940361416105246,-0.08701638958836753
outer,-2.025343294899258,298.5219028182334,-2.4322805346463228,-0.5842099037486741,-0.08566543697511185
outer,-2.025137353037456,298.6058480946259,-2.432421548081714,-0.5874535595194977,-0.08565765001406186
outer,-2.0239996552133857,298.6895681562812,-2.4326103390476588,-0.5906901889131142,-0.08561308297875538
outer,-2.0219426391031217,298.7730695018226,-2.4328462078959396,-0.5939196832439055,-0.08553225289268973
outer,-1.9883012655343864,298.60584809462597,-2.434274380817602,-0.5873429541643158,-0.08415681966480605
outer,-1.988176088402568,298.5219028182334,-2.434149350030721,-0.5841009343432433,-0.08415093358697695
outer,-1.987481291665991,298.6895681562812,-2.4344469755769387,-0.5905779686538629,-0.08412526175861085
outer,-1.9857279016281733,298.77306950182265,-2.434666502520324,-0.5938058666830822,-0.08405675126912815
outer,-1.9517206916044534,298.60584809462597,-2.436080905972905,-0.5872347301064376,-0.08266313253179303
outer,-1.95125251943587,298.5219028182334,-2.4359718058450968,-0.5839942391039162,-0.08264305474753543
outer,-1.9512309619209116,298.68956815628127,-2.4362372598027586,-0.5904682352506728,-0.08264513802789371
outer,-1.9497943941304487,298.7730695018226,-2.436440344111981,-0.5936946472382689,-0.08258952984412785
outer,-1.9153850219081479,298.6058480946259,-2.437842279411966,-0.5871288526744408,-0.08117630282584282
outer,-1.9152374683355102,298.68956815628127,-2.437982446176231,-0.5903609524963642,-0.08117239510813622
outer,-1.9145659645364306,298.5219028182334,-2.437748627674245,-0.583889758763418,-0.0811417222447722
outer,-1.9141303018144649,298.7730695018226,-2.4381690467919923,-0.5935859806363044,-0.08113024860302243
outer,-1.8794901466542098,298.68956815628127,-2.4396836781056117,-0.5902560781228959,-0.07970673908012604
outer,-1.8792875985465398,298.6058480946259,-2.43955922006624,-0.5870252540799797,-0.07969624690613664
outer,-1.8787243693276665,298.77306950182265,-2.439853850995035,-0.5934798232932258,-0.07967858211200002
outer,-1.878134748798941,298.5219028182334,-2.4394805590593514,-0.5837876105788466,-0.07964763247483544
outer,-1.8439823045155237,298.6895681562812,-2.441341667423277,-0.5901535363158138,-0.07824808086189601
outer,-1.8435658774534736,298.7730695018226,-2.4414958872424015,-0.593376126004178,-0.07823422830232736
outer,-1.8434468418887278,298.6058480946259,-2.4412324646480927,-0.5869240459765985,-0.07822365752344376
outer,-1.8419191369784678,298.5219028182334,-2.441169135113611,-0.5836877332293484,-0.07815946699493581
outer,-1.8087324576359813,298.6895681562812,-2.442957143870332,-0.5900534338626201,-0.07679710950966136
outer,-1.8086480993398542,298.77306950182253,-2.4430958598164576,-0.5932748053673477,-0.07679709267476285
outer,-1.8078228101012495,298.6058480946259,-2.442863530780599,-0.5868251625438597,-0.07675720231145171
outer,-1.8059102194519119,298.5219028182334,-2.442815646535984,-0.5835900492957061,-0.07667692259796387
outer,-1.7739896461285272,298.77306950182253,-2.4446544913721655,-0.5931759640248726,-0.07536786056897352
outer,-1.7737004574355328,298.68956815628127,-2.444531607230957,-0.5899557011877818,-0.07535247871586234
outer,-1.7724065472384922,298.6058480946259,-2.4444536942065453,-0.5867285181217077,-0.07529657065175581
outer,-1.770099524567053,298.5219028182334,-2.444421016041196,-0.5834945362108053,-0.07519976470594789
outer,-1.7395501623237002,298.7730695018226,-2.4461732635195763,-0.5930795293709201,-0.07394517174457377
outer,-1.7388773016109378,298.68956815628127,-2.446066317734911,-0.5898602447953504,-0.07391387047800306
outer,-1.7371895376030493,298.6058480946259,-2.4460038674621445,-0.5866340845997151,-0.07384152109353995
outer,-1.734478999949742,298.5219028182334,-2.4459861154158182,-0.5834011716927597,-0.0737277705681915
outer,-1.7053205992266431,298.7730695018226,-2.447653420405606,-0.5929854004235688,-0.07252870087007475
outer,-1.704254430386016,298.68956815628127,-2.4475621774642486,-0.5897670315238189,-0.0724810365067777
outer,-1.7021636869555117,298.60584809462586,-2.447514912732125,-0.5865418345526721,-0.07239182429188463
outer,-1.6990409945513745,298.5219028182334,-2.447511706352413,-0.58330992462166,-0.07226074491112294
outer,-1.6712923529460688,298.7730695018226,-2.4490958534585885,-0.59289353945853,-0.07111819287551213
outer,-1.6698237076239377,298.68956815628127,-2.449020038818109,-0.5896760292673389,-0.07105374090262559
outer,-1.6673213044683575,298.6058480946259,-2.4489875836327997,-0.5864517318431756,-0.07094727900892389
outer,-1.6637844193151174,298.5219028182334,-2.448998142043318,-0.5832207454714031,-0.0707987954740121
outer,-1.6374572454135792,298.77306950182253,-2.450501405176599,-0.5928039101229595,-0.06971340535731063
outer,-1.6355774026880352,298.68956815628127,-2.4504406471450775,-0.589587197234309,-0.06963177649133412
outer,-1.6326612954226545,298.60584809462597,-2.4504222311721184,-0.5863637213078631,-0.06950798998493979
outer,-1.6287326293866577,298.5219028182334,-2.450445844848358,-0.5831337516573216,-0.0693427715869111
outer,-1.6038075061507924,298.77306950182253,-2.451870812444547,-0.5927164672828992,-0.06831412522264865
outer,-1.6015144151929506,298.6895681562812,-2.451824350967956,-0.5895004747944641,-0.06821524504053354
outer,-1.5982071363905423,298.60584809462597,-2.4518192727573185,-0.58627791773619,-0.06807480444165534
outer,-1.5938418170692819,298.5219028182334,-2.4518560672065934,-0.5830488720341793,-0.0678911722123074
outer,-1.5703420291011416,298.77306950182265,-2.4532044208908346,-0.5926311449480486,-0.06692045127765689
outer,-1.5676583432299458,298.6895681562812,-2.4531715626340254,-0.5894159746137716,-0.06680499162158732
outer,-1.5639147919133949,298.6058480946259,-2.4531799446089195,-0.5861942480176636,-0.06664620791661822
outer,-1.5591055875329278,298.5219028182334,-2.4532298256136302,-0.5829660289627876,-0.06644374998293025
outer,-1.5370845339746513,298.7730695018226,-2.4545026376116152,-0.5925480541630267,-0.06553322640964006
outer,-1.533964923404544,298.6895681562812,-2.45448350176471,-0.5893336221481529,-0.06539948836568071
outer,-1.5297778339134132,298.6058480946259,-2.4545052513334067,-0.5861126283382503,-0.0652219472449206
outer,-1.5245178766356569,298.5219028182334,-2.454567746491287,-0.582885202279106,-0.06500033762956431
outer,-1.5039905292543334,298.77306950182265,-2.455766665249462,-0.5924671195115141,-0.06415090940201722
outer,-1.5004276943661206,298.6895681562812,-2.4557611605683767,-0.5892533276207671,-0.06399847641422002
outer,-1.495790166720557,298.6058480946259,-2.4557958119585526,-0.5860330351710719,-0.06380184984146206
outer,-1.490072936429279,298.5219028182334,-2.455870144424405,-0.5828063285458678,-0.06356086646775372
outer,-1.4710535202892574,298.77306950182265,-2.456997483196822,-0.5923882454739756,-0.062773235853052
outer,-1.467040528892108,298.68956815628127,-2.4570051505904766,-0.5891750644943378,-0.06260177797381009
outer,-1.4619460125022474,298.60584809462597,-2.457051939451959,-0.5859554007452088,-0.06238584393562446
outer,-1.4557989258110584,298.52190281823346,-2.457137155032123,-0.5827294956049992,-0.06212637985865384
outer,-1.4382673482788844,298.7730695018226,-2.458195695572356,-0.5923114028531288,-0.061400022885223476
outer,-1.4337976192428912,298.6895681562812,-2.4582157830964086,-0.589098760795998,-0.06120931829724725
outer,-1.4282736765575446,298.6058480946259,-2.4582737679630133,-0.5858798106456181,-0.06097497319482678
outer,-1.4216668704249293,298.5219028182334,-2.4583696046709913,-0.5826546892118709,-0.06069588836002787
outer,-1.4056261755517803,298.7730695018226,-2.4593616118620383,-0.5922365155293224,-0.060031192864322805
outer,-1.4007274172310802,298.68956815628127,-2.459393190818781,-0.5890245001461885,-0.059822141364665515
outer,-1.3947440338889325,298.6058480946259,-2.4594621117524267,-0.5858062503127155,-0.05956823797455497
outer,-1.3876603168176718,298.5219028182334,-2.4595684368765856,-0.5825818323806222,-0.059268783616015536
outer,-1.3731586005542025,298.7730695018226,-2.4604953633548003,-0.5921636654105079,-0.05866779005884461
outer,-1.3678006471026476,298.68956815628127,-2.4605381757505076,-0.5889522680973622,-0.05843923731743968
outer,-1.3613405454993992,298.6058480946259,-2.460617903142597,-0.5857346385925966,-0.058165022765386945
outer,-1.3537745100003953,298.52190281823334,-2.460734211575107,-0.5825108893720615,-0.05784492113180049
outer,-1.3408351966521561,298.7730695018226,-2.4615977394987874,-0.5920928385822046,-0.05730879438285173
outer,-1.3350006842517035,298.6895681562812,-2.4616516585061663,-0.5888819794670942,-0.057059983557905494
outer,-1.3280584316783914,298.6058480946259,-2.4617416957138016,-0.5856649364709788,-0.05676517861084323
outer,-1.3200073046951757,298.5219028182334,-2.461867071856256,-0.5824418002785806,-0.056424371921984275
outer,-1.308639253560646,298.77306950182253,-2.462669648702121,-0.5920239459900551,-0.05595357624859343
outer,-1.3023227242268973,298.6895681562812,-2.462734186091123,-0.5888135921613014,-0.05568422676857816
outer,-1.2948955359943144,298.6058480946259,-2.462833633796186,-0.5855970803157424,-0.05536877482489916
outer,-1.2863936802083684,298.5219028182334,-2.4629670869844262,-0.5823746825485264,-0.055008384495090656
outer,-1.2765659420674238,298.7730695018226,-2.463711631266115,-0.5919569426693423,-0.05460197810632888
outer,-1.2697645994345665,298.6895681562812,-2.4637859039696726,-0.5887470388860977,-0.05431203468935096
outer,-1.2618870196155534,298.6058480946259,-2.4638937837677672,-0.5855311869883879,-0.05397706086888161
outer,-1.252885752116815,298.5219028182334,-2.4640351182404845,-0.5823094802122143,-0.053595292520771755
outer,-1.2446130834075992,298.77306950182265,-2.4647238337019943,-0.5918917576708718,-0.05325406624693395
outer,-1.2373616530440537,298.68956815628127,-2.464806875737836,-0.5886824362485149,-0.05294465775337244
outer,-1.228984749161567,298.6058480946259,-2.4649229932911094,-0.5854672009397689,-0.052588357995106916
outer,-1.2194796177834366,298.5219028182334,-2.4650719126132574,-0.5822461226500059,-0.052184905580371206
outer,-1.2128162029003218,298.7730695018226,-2.465706316932568,-0.5918285076918837,-0.05191109207816549
outer,-1.2050655025271602,298.68956815628127,-2.4657979352848396,-0.5886197294857274,-0.05158040482928448
outer,-1.1961848017049146,298.60584809462586,-2.4659220021931025,-0.5854050470048748,-0.051202471495774386
outer,-1.1861715949621177,298.5219028182334,-2.4660776431900935,-0.5821845565342458,-0.05077721217788073
outer,-1.1811266686660278,298.7730695018226,-2.4666599008718433,-0.5917671391106214,-0.05057135212086704
outer,-1.1728722046507667,298.68956815628127,-2.466759814911948,-0.5885588389040004,-0.05021907701528029
outer,-1.1634834758549844,298.6058480946259,-2.466890984233294,-0.5853446688412931,-0.04981938770226769
outer,-1.152990723855769,298.5219028182334,-2.4670523235454005,-0.5821248547779255,-0.04937328235610768
outer,-1.1495405171490238,298.7730695018226,-2.467585309922709,-0.5917075676920343,-0.0492346433895677
outer,-1.1407780388652107,298.68956815628127,-2.467692688906118,-0.5884997051680154,-0.04886065857895776
outer,-1.1309099627985697,298.6058480946259,-2.467829951623801,-0.585286138471368,-0.048440177813591834
outer,-1.1199086963793679,298.5219028182334,-2.467996499008209,-0.5820670086378432,-0.04797213907102152
outer,-1.1180540086249229,298.77306950182265,-2.4684827188100114,-0.5916497311372434,-0.04790094819881948
outer,-1.1088123474562275,298.6895681562813,-2.4685965681627504,-0.5884423996371009,-0.04750622191734503
outer,-1.0984358072731508,298.6058480946259,-2.4687394393780693,-0.5852294479107253,-0.04706385614436697
outer,-1.0869121455770276,298.5219028182334,-2.468910831057321,-0.5820109565603281,-0.04657326831207573
outer,-1.0866966366023167,298.7730695018226,-2.46935213714368,-0.5915937003553817,-0.0465713401785857
outer,-1.0769465278715913,298.68956815628127,-2.4694719773180003,-0.5883869154137843,-0.0461547727385878
outer,-1.0660475728262973,298.6058480946259,-2.4696201019964037,-0.5851745326866906,-0.04568990295873258
outer,-1.0554396511185653,298.77306950182253,-2.4701940791012755,-0.5915394698607777,-0.04524481646695381
outer,-1.0539980827869049,298.5219028182334,-2.46979554341018,-0.5819566375985856,-0.04517664913256164
outer,-1.0451670741091987,298.6895681562812,-2.47031956362832,-0.5883331851570389,-0.04480578566445882
outer,-1.0337422552577054,298.6058480946259,-2.4704721639527953,-0.5851213286509663,-0.04431829512196998
outer,-1.0242694765648965,298.7730695018226,-2.4710091844382913,-0.5914869694855496,-0.043920846134098204
outer,-1.0211936979672263,298.5219028182334,-2.470650635077069,-0.5819041134703411,-0.04378328816483295
outer,-1.0134709664184802,298.6895681562812,-2.471139552162198,-0.5882811414952207,-0.04345923547616566
outer,-1.0015471858898073,298.6058480946259,-2.471295622824285,-0.5850698969989948,-0.04295004048148914
outer,-0.9931830776278034,298.7730695018226,-2.471797678662567,-0.5914361285995547,-0.042599401982005534
outer,-0.9884732661719011,298.5219028182334,-2.4714765378813874,-0.5818533826128933,-0.0423922999410891
outer,-0.9818856775939067,298.6895681562812,-2.471931939073456,-0.5882308452883415,-0.04211613128339606
outer,-0.9694365060290993,298.6058480946259,-2.4720909012797656,-0.5850202371599621,-0.041584245973239405
outer,-0.9622080686897212,298.7730695018226,-2.4725595565124023,-0.5913870079145557,-0.04128149442903271
outer,-0.9558242408658668,298.5219028182334,-2.472273801835781,-0.5818043909131562,-0.04100319855109129
outer,-0.9503852150925802,298.68956815628127,-2.4726971378230216,-0.588182297228692,-0.04077557246988718
outer,-0.9373976039094283,298.6058480946259,-2.47285854388379,-0.5849722925490369,-0.04022042031039843
outer,-0.9313183232484881,298.7730695018226,-2.4732952221978777,-0.591339609663104,-0.03996621535360098
outer,-0.9232442196536828,298.5219028182334,-2.4730425961866263,-0.5817570736161688,-0.03961598526022505
outer,-0.9189569018674374,298.68956815628127,-2.473435687329528,-0.588135438295106,-0.03943706245133623
outer,-0.905428064644985,298.60584809462586,-2.4735987219729934,-0.5849259952541918,-0.03885856275786692
outer,-0.9005010989228497,298.77306950182253,-2.4740052087940416,-0.5912938724064866,-0.038653062954442104
outer,-0.8907648911738282,298.5219028182334,-2.473782895892007,-0.5817115087529321,-0.038231811578350525
outer,-0.8875983105326818,298.6895681562812,-2.4741477608784135,-0.5880901973720466,-0.03810059859374154
outer,-0.8735597416276427,298.6058480946259,-2.4743114079665305,-0.5848814236791671,-0.037499826763654265
outer,-0.8697539558168449,298.7730695018226,-2.4746896913751355,-0.5912497217620923,-0.03734203280035441
outer,-0.8583489222813484,298.5219028182334,-2.474495132549599,-0.5816676814086766,-0.036849383968630536
outer,-0.8563414593594798,298.6895681562812,-2.474833328368107,-0.5880466534378628,-0.03676733632769176
outer,-0.841755107612558,298.6058480946259,-2.4749970242526835,-0.5848385641774383,-0.03614291001037265
outer,-0.8391090772157888,298.7730695018226,-2.475348637342073,-0.5912072374901662,-0.03603428235205143
outer,-0.8259921872417257,298.5219028182334,-2.4751797263320547,-0.581625525216016,-0.035468517306066524
outer,-0.8251486268547584,298.6895681562812,-2.475492802907875,-0.588004794333559,-0.035435964607495624
outer,-0.8100100154148909,298.6058480946259,-2.4756559894814285,-0.5847973469659059,-0.034787623612074214
outer,-0.8085285472195034,298.7730695018226,-2.4759824504786634,-0.5911664091420936,-0.03472849188907111
outer,-0.7940156443671725,298.6895681562812,-2.4761266014470915,-0.5879645468066372,-0.034106290873034704
outer,-0.7937020590099595,298.5219028182334,-2.4758367428954373,-0.5815850233485748,-0.03408954478686917
outer,-0.7783318763227035,298.60584809462586,-2.476288370084544,-0.5847577536096458,-0.0334342999035539
outer,-0.7780081756923277,298.7730695018226,-2.476591545841759,-0.5911271599235479,-0.03342446526339064
outer,-0.7629499615469556,298.6895681562812,-2.476734791130016,-0.587925890849539,-0.03277864667846979
outer,-0.7614892067710284,298.5219028182334,-2.476466275491259,-0.5815462235149188,-0.032712875633072624
outer,-0.7475554506783192,298.7730695018226,-2.4771759912071993,-0.5910894682781243,-0.032122533330886834
outer,-0.7467314149913749,298.6058480946259,-2.4768942550018638,-0.5847198327410259,-0.03208334721398188
outer,-0.7319623585623791,298.6895681562812,-2.4773174565624516,-0.5878888761856407,-0.031453439511514254
outer,-0.7293266123775731,298.52190281823334,-2.4770686865738045,-0.5815091035273023,-0.031337557827672564
outer,-0.7171812079038821,298.7730695018226,-2.4777358668509275,-0.5910533852004826,-0.030823102790284614
outer,-0.715181472802745,298.60584809462586,-2.4774740005282467,-0.5846835622692237,-0.030733806638701615
outer,-0.7010255362170563,298.68956815628127,-2.477874947790036,-0.5878534809405334,-0.030129703640541645
outer,-0.6972126613234996,298.5219028182334,-2.477644220749623,-0.5814735978935838,-0.029963536465967947
outer,-0.6868580074794955,298.77306950182253,-2.478271516482266,-0.5910188891478458,-0.029525201142836438
outer,-0.6836804268565494,298.60584809462586,-2.478027852239123,-0.5846488734376253,-0.02938562020467004
outer,-0.670137863210394,298.6895681562812,-2.4784075112425024,-0.5878196330331842,-0.02880737811279329
outer,-0.6651664524440092,298.5219028182334,-2.478192893169179,-0.5814397394506934,-0.0285915354147772
outer,-0.6565842096971647,298.7730695018226,-2.4787831872465467,-0.5909859046340098,-0.02822876454721921
outer,-0.6522474752855169,298.6058480946259,-2.4785558238814063,-0.5846157991568302,-0.028039512612563402
outer,-0.6393186370482191,298.6895681562812,-2.4789151592400294,-0.5877873655398277,-0.027487188526412968
outer,-0.6331705467824645,298.52190281823334,-2.478714914981037,-0.5814075403154205,-0.027220971808225178
outer,-0.6263792115172871,298.7730695018226,-2.479270890039001,-0.5909544650057937,-0.026934519563362763
outer,-0.6208650884654212,298.60584809462586,-2.479058121177328,-0.5845843526640755,-0.02669489626797516
outer,-0.6085502373696604,298.68956815628127,-2.479398092036816,-0.5877566929682635,-0.026168542614277784
outer,-0.6012152572537035,298.5219028182334,-2.4792105562698246,-0.5813769579452835,-0.025851479124892142
outer,-0.5962253017680488,298.7730695018226,-2.4797348195996536,-0.5909245861811957,-0.025641869304588262
outer,-0.5895235289467882,298.60584809462586,-2.4795350124321707,-0.5845544895710156,-0.025351400099573724
outer,-0.5778228763223063,298.6895681562812,-2.4798565760512172,-0.5877275690784219,-0.024851064827411253
outer,-0.5693057605178901,298.5219028182334,-2.4796799081982934,-0.5813479689498775,-0.024483276493111585
outer,-0.5661126421529322,298.77306950182253,-2.4801752403362434,-0.5908962200534783,-0.024350433818637676
outer,-0.5582280003038388,298.60584809462586,-2.4799865890937496,-0.5845261849299906,-0.024009241616859012
outer,-0.547141784415249,298.6895681562812,-2.480290702964233,-0.5876999673587796,-0.023534971132480004
outer,-0.5374505584696887,298.52190281823334,-2.480123042931247,-0.5813206069183944,-0.02311670346248133
outer,-0.5360464901376296,298.77306950182253,-2.480592244126647,-0.5908693385457321,-0.02306042760728656
outer,-0.5269870486337723,298.6058480946259,-2.4804129204685035,-0.5844994732076879,-0.022668759907928437
outer,-0.5165155519817071,298.6895681562812,-2.480700539217955,-0.5876739232778274,-0.02222060021556455
outer,-0.5060354803279685,298.7730695018226,-2.4809858945420955,-0.5908439782417506,-0.02177218901078255
outer,-0.5056285022906847,298.52190281823334,-2.4805401793675244,-0.5812948613714028,-0.02175102260878133
outer,-0.4957794151626331,298.6058480946259,-2.4808142216989775,-0.5844743441171768,-0.02132921214880669
outer,-0.48592281020842065,298.6895681562812,-2.4810862961165943,-0.5876494268132421,-0.020907203920129062
outer,-0.47605813378105716,298.77306950182253,-2.48135639896162,-0.5908201294606537,-0.020484964609109497
outer,-0.4738385266197375,298.52190281823334,-2.4809314612552207,-0.5812706837789867,-0.02038618910967806
outer,-0.46460402899033165,298.6058480946258,-2.4811906369616326,-0.5844507466835555,-0.019990550102599938
outer,-0.4553624826520263,298.6895681562812,-2.481448118199258,-0.5876264244824164,-0.019594730663258734
outer,-0.44611336850577943,298.7730695018226,-2.48170390223123,-0.59079773614973,-0.019198699543951734
outer,-0.4420962335137965,298.52190281823334,-2.4812969206654065,-0.5812481004527623,-0.01902279735005464
outer,-0.4334765732909894,298.60584809462586,-2.4815421970252443,-0.584428707635884,-0.018653368851394708
outer,-0.4248503336657998,298.6895681562812,-2.48178603493099,-0.5876049435141715,-0.018283776288128405
outer,-0.4162170301010266,298.77306950182253,-2.4820284325102935,-0.5907768261105795,-0.017913990480053314
outer,-0.4103831437946459,298.5219028182334,-2.4816367081495794,-0.5812271166147168,-0.01766022794814747
outer,-0.4023784728106374,298.60584809462586,-2.4818690492731057,-0.5844082329763481,-0.017317044669219538
outer,-0.3943676918466882,298.6895681562812,-2.482100190477884,-0.587584990784606,-0.016973712795823458
outer,-0.38635035093603853,298.7730695018226,-2.482330130692813,-0.590757407188849,-0.016630205217988057
outer,-0.37869529824364745,298.52190281823334,-2.4819509595461517,-0.5812076983944471,-0.016298317862914122
outer,-0.37130574774624003,298.6058480946258,-2.482171328839593,-0.584389287172395,-0.01598141064770175
outer,-0.3639105567914832,298.6895681562812,-2.4823907192156693,-0.587566529067969,-0.01566436947081013
outer,-0.3565093099903862,298.77306950182253,-2.4826091303361184,-0.5907394404233862,-0.01534716929664407
outer,-0.34703969894760334,298.52190281823334,-2.482239723782014,-0.5811898466444723,-0.014937347838023786
outer,-0.34026543658933034,298.60584809462586,-2.482449083998532,-0.5843718707468208,-0.014646746539256253
outer,-0.33348600342428464,298.68956815628115,-2.4826576687490522,-0.5875495585847507,-0.01435602513699407
outer,-0.3267010186506591,298.7730695018226,-2.482865478361621,-0.5907229257549264,-0.014065160671385097
outer,-0.3154122673757021,298.5219028182334,-2.4825030876441083,-0.5811735717348264,-0.013577207141092736
outer,-0.3092534396043133,298.60584809462586,-2.482702399927311,-0.584355994581261,-0.013312939457075873
outer,-0.3030899107884295,298.6895681562812,-2.4829011226048547,-0.5875340907817213,-0.013048564825030163
outer,-0.29692133472177307,298.77306950182253,-2.483099256625941,-0.5907078752725752,-0.012784062362732806
outer,-0.28380359053942195,298.52190281823334,-2.482741154479704,-0.5811588606421154,-0.012217562828391235
outer,-0.27826029486324316,298.6058480946259,-2.482931378648668,-0.5843416451639952,-0.011979652583442895
outer,-0.2727127679792976,298.6895681562812,-2.4831211814474248,-0.5875201116773213,-0.011741647908691375
outer,-0.26716069828228217,298.7730695018225,-2.483310564391942,-0.5906942745330115,-0.011503530003660011
outer,-0.2522151635297862,298.52190281823334,-2.482953975638022,-0.5811457001900511,-0.010858480902819816
outer,-0.24728750523026627,298.60584809462586,-2.483136070881673,-0.5843288085321121,-0.010646949589330334
outer,-0.24235608564016317,298.6895681562812,-2.4833178953501087,-0.5875076065233998,-0.010435335782412583
outer,-0.23742062776094944,298.77306950182253,-2.4834994510520945,-0.5906821079793068,-0.010223622764741501
outer,-0.22065084485752023,298.5219028182333,-2.4831416046995285,-0.5811340998108765,-0.009500128242171063
outer,-0.2163389492771641,298.60584809462586,-2.483316529547844,-0.5843174944071203,-0.00931499627568148
outer,-0.21202376241897758,298.6895681562812,-2.4834913165579886,-0.5874965853701087,-0.009129793241260405
outer,-0.20770504189838443,298.77306950182253,-2.4836659681683053,-0.5906713860424807,-0.00894450450578019
outer,-0.18909905691301143,298.52190281823334,-2.4833041163641116,-0.5811240565240787,-0.008142110976980579
outer,-0.1854029892006727,298.6058480946258,-2.4834728283359198,-0.5843076998272024,-0.007983395085633298
outer,-0.18170410027307665,298.6895681562812,-2.4836415177244384,-0.5874870452998222,-0.007824619111652616
outer,-0.17800218236316037,298.7730695018225,-2.4838101873488827,-0.5906621058870577,-0.007665770509236736
outer,-0.1575591609416973,298.52190281823334,-2.4834415461326085,-0.5811155574357915,-0.006784409327510621
outer,-0.15447898292532347,298.60584809462586,-2.48360500195558,-0.5842994112079997,-0.006652123502552039
outer,-0.1513964538034393,298.6895681562812,-2.4837685327368986,-0.5874789720201019,-0.006519788192178639
outer,-0.14831140042995575,298.7730695018225,-2.483932141622664,-0.5906542524847966,-0.006387392939423432
outer,-0.12603529551018341,298.52190281823334,-2.483553929630961,-0.5811086072775622,-0.005427196066292635
outer,-0.12357109053465774,298.6058480946258,-2.483713085795686,-0.5842926333970201,-0.0053213530768170935
outer,-0.121105004626929,298.68956815628115,-2.483872396748526,-0.587472370526091,-0.005215470879182048
outer,-0.11863689926671636,298.77306950182253,-2.4840318658962346,-0.5906478310005686,-0.005109541106257496
outer,-0.09451861063351945,298.52190281823334,-2.4836413103508415,-0.5811032060681192,-0.00407017876603157
outer,-0.09267041603148037,298.60584809462586,-2.483797122914769,-0.584287366488972,-0.003990788171811613
outer,-0.090820810699145,298.6895681562812,-2.483953152375983,-0.5874672410069051,-0.003911368395860578
outer,-0.08896969074392366,298.7730695018225,-2.4841094023414794,-0.5906428417416258,-0.0038319131619254346
outer,-0.06300783341143325,298.52190281823334,-2.4837037063490435,-0.5810993475362551,-0.002713316952653628
outer,-0.06177567989762455,298.60584809462586,-2.4838571307697275,-0.584283603878104,-0.0026603857539239427
outer,-0.060542585878784326,298.68956815628115,-2.4840108164519052,-0.5874635765103414,-0.0026074352070442263
outer,-0.059308482091795164,298.7730695018225,-2.4841647671466918,-0.5906392773993384,-0.0025544611270239895
outer,-0.03150305750337242,298.5219028182334,-2.4837411357562247,-0.5810970326152682,-0.00135663498691191
outer,-0.030886976279340856,298.6058480946258,-2.4838931273774536,-0.5842813465153678,-0.0013301682028364562
outer,-0.030270424799409414,298.68956815628115,-2.48404540687725,-0.5874613780154809,-0.0013036917762103554
outer,-0.029653368431764953,298.7730695018225,-2.48419797809875,-0.5906371389954788,-0.0012772036143156573
outer,-5.088887490341627e-14,298.7730695018225,-2.484209048204741,-0.5906364267502108,-4.94641335886344e-13
outer,-5.088887490341627e-14,298.5219028182333,-2.483753611859556,-0.5810962614526637,-1.0126261564339846e-12
outer,-5.088887490341627e-14,298.68956815628115,-2.4840569367545444,-0.5874606457125536,-6.206439857370687e-13
outer,-5.088887490341627e-14,298.6058480946258,-2.483905125931809,-0.584280594564777,-8.338347028705233e-13
outer,0.029653368431612284,298.7730695018225,-2.48419797809835,-0.5906371389963668,0.0012772036133608913
outer,0.030270424799307638,298.68956815628115,-2.484045406877006,-0.5874613780159152,0.0013036917751176062
outer,0.030886976279239076,298.6058480946258,-2.4838931273765588,-0.5842813465149584,0.001330168201560627
outer,0.03150305750327064,298.5219028182333,-2.483741135751297,-0.5810970326110317,0.0013566349852682865
outer,0.059308482091693385,298.7730695018225,-2.484164767143995,-0.5906392773978109,0.002554461126499853
outer,0.060542585878631656,298.68956815628115,-2.484010816452342,-0.5874635765116105,0.002607435206478865
outer,0.06177567989747188,298.60584809462586,-2.483857130770185,-0.5842836038792915,0.002660385753366917
outer,0.06300783341133147,298.52190281823323,-2.483703706348175,-0.5810993475359708,0.0027133169516892998
outer,0.088969690743771,298.77306950182253,-2.484109402337999,-0.5906428417388385,0.0038319131620155236
outer,0.09082081069904321,298.6895681562812,-2.4839531523752267,-0.5874672410069497,0.003911368395902963
outer,0.09267041603132771,298.60584809462586,-2.483797122914648,-0.5842873664898128,0.003990788171625031
outer,0.09451861063336678,298.5219028182333,-2.483641310352373,-0.5811032060703314,0.004070178765227388
outer,0.11863689926656369,298.77306950182253,-2.4840318658946585,-0.5906478309991293,0.005109541105845389
outer,0.12110500462682722,298.68956815628115,-2.4838723967468024,-0.587472370524783,0.005215470878893071
outer,0.12357109053450507,298.6058480946258,-2.4837130857953422,-0.5842926333973901,0.005321353076253149
outer,0.12603529551003073,298.52190281823334,-2.4835539296301956,-0.5811086072778673,0.005427196065095795
outer,0.1483114004298031,298.7730695018225,-2.4839321416232973,-0.5906542524849748,0.00638739293776616
outer,0.15139645380333752,298.6895681562812,-2.483768532737,-0.5874789720196616,0.006519788190734426
outer,0.1544789829252217,298.60584809462586,-2.483605001955684,-0.5842994112075951,0.0066521235010443365
outer,0.15755916094159553,298.52190281823334,-2.483441546130943,-0.5811155574344147,0.006784409325656224
outer,0.1780021823630077,298.7730695018225,-2.4838101873499197,-0.5906621058880219,0.0076657705072049704
outer,0.18170410027297487,298.6895681562812,-2.4836415177254714,-0.5874870453003683,0.007824619109492616
outer,0.18540298920052004,298.6058480946258,-2.4834728283376264,-0.5843076998278036,0.007983395083471147
outer,0.18909905691290965,298.52190281823334,-2.4833041163657925,-0.5811240565248714,0.008142110974792319
outer,0.20770504189828265,298.77306950182253,-2.4836659681675863,-0.5906713860431779,0.008944504504033193
outer,0.2120237624188758,298.6895681562812,-2.483491316558938,-0.5874965853720276,0.009129793239040753
outer,0.21633894927701142,298.60584809462586,-2.4833165295510775,-0.5843174944105043,0.009314996273474336
outer,0.22065084485741845,298.52190281823334,-2.4831416047034676,-0.5811340998144358,0.009500128240353706
outer,0.23742062776079678,298.77306950182253,-2.483499451049827,-0.590682107979315,0.010223622763349075
outer,0.24235608564001052,298.6895681562812,-2.4833178953498343,-0.5875076065251764,0.010435335780765916
outer,0.2472875052301136,298.60584809462586,-2.4831360708830132,-0.5843288085353509,0.010646949587815
outer,0.2522151635296335,298.52190281823334,-2.4829539756394996,-0.581145700193054,0.010858480901794861
outer,0.26716069828212946,298.7730695018225,-2.483310564393062,-0.5906942745350627,0.011503530002499918
outer,0.27271276797919586,298.6895681562812,-2.4831211814484826,-0.5875201116795177,0.011741647907470433
outer,0.27826029486309045,298.6058480946258,-2.482931378648475,-0.5843416451653846,0.011979652582364903
outer,0.28380359053932014,298.52190281823334,-2.482741154479887,-0.5811588606438719,0.012217562827559461
outer,0.2969213347216204,298.77306950182253,-2.4830992566279346,-0.590707875272977,0.012784062361288373
outer,0.30308991078827685,298.68956815628115,-2.4829011226068562,-0.5875340907824095,0.013048564823455176
outer,0.3092534396041606,298.6058480946259,-2.4827023999294027,-0.5843559945824145,0.013312939455564332
outer,0.3154122673756003,298.5219028182334,-2.4825030876451843,-0.5811735717351145,0.013577207139546252
outer,0.32670101865050644,298.7730695018226,-2.4828654783608375,-0.5907229257514764,0.01406516066969039
outer,0.333486003424132,298.6895681562812,-2.4826576687476503,-0.5875495585807726,0.014356025135257706
outer,0.3402654365892286,298.60584809462586,-2.4824490839997235,-0.5843718707453699,0.014646746537577448
outer,0.3470396989474507,298.52190281823334,-2.482239723782534,-0.5811898466427403,0.01493734783618389
outer,0.35650930999023356,298.77306950182253,-2.4826091303376323,-0.5907394404223012,0.015347169295036957
outer,0.3639105567913305,298.6895681562812,-2.482390719215535,-0.5875665290651076,0.01566436946936175
outer,0.3713057477460874,298.60584809462586,-2.4821713288391507,-0.5843892871693773,0.01598141064645549
outer,0.37869529824349474,298.52190281823334,-2.4819509595470284,-0.5812076983933375,0.016298317861667
outer,0.3863503509359367,298.77306950182253,-2.4823301306982466,-0.5907574071922014,0.016630205216478768
outer,0.39436769184658643,298.6895681562812,-2.4821001904827567,-0.5875849907869453,0.016973712794501168
outer,0.40237847281053557,298.60584809462586,-2.481869049273409,-0.5844082329744201,0.01731704466826991
outer,0.41038314379454416,298.52190281823334,-2.4816367081491184,-0.5812271166126702,0.017660227947440217
outer,0.4162170301009248,298.77306950182253,-2.4820284325143565,-0.5907768261128048,0.017913990478349955
outer,0.4248503336656471,298.6895681562812,-2.481786034933167,-0.5876049435143643,0.01828377628640456
outer,0.4334765732908367,298.60584809462586,-2.481542197025321,-0.5844287076339933,0.01865336885020893
outer,0.4420962335136947,298.52190281823334,-2.4812969206668045,-0.5812481004524592,0.01902279734935253
outer,0.4461133685056776,298.77306950182253,-2.4817039022324807,-0.5907977361488962,0.01919869954200784
outer,0.4553624826518736,298.6895681562812,-2.4814481181995136,-0.5876264244810268,0.01959473066130455
outer,0.464604028990179,298.6058480946259,-2.481190636962978,-0.5844507466835782,0.019990550101305724
outer,0.47383852661958487,298.5219028182334,-2.480931461257443,-0.5812706837800825,0.020386189109027623
outer,0.47605813378090445,298.7730695018226,-2.4813563989615197,-0.5908201294584672,0.020484964607523512
outer,0.485922810208268,298.6895681562812,-2.4810862961147877,-0.587649426810389,0.02090720391865873
outer,0.4957794151624804,298.6058480946259,-2.4808142216983256,-0.5844743441162685,0.021329212147812075
outer,0.5056285022905829,298.5219028182334,-2.4805401793662227,-0.5812948613700757,0.02175102260825795
outer,0.5060354803278667,298.77306950182253,-2.4809858945436156,-0.5908439782409726,0.021772189009527168
outer,0.5165155519816053,298.6895681562812,-2.480700539215086,-0.587673923273923,0.022220600214519
outer,0.5269870486336197,298.6058480946259,-2.4804129204633925,-0.5844994732025802,0.022668759907118762
outer,0.5360464901375278,298.7730695018226,-2.480592244128789,-0.5908693385458109,0.02306042760605652
outer,0.5374505584695869,298.52190281823334,-2.4801230429288514,-0.5813206069159799,0.023116703461830333
outer,0.5471417844150963,298.6895681562812,-2.4802907029648353,-0.5876999673580109,0.02353497113165804
outer,0.5582280003036861,298.60584809462586,-2.4799865890897443,-0.5845261849252501,0.024009241616163465
outer,0.5661126421528304,298.7730695018226,-2.4801752403347668,-0.5908962200509279,0.02435043381751396
outer,0.5693057605177374,298.52190281823334,-2.4796799081958443,-0.5813479689465313,0.02448327649244008
outer,0.5778228763222046,298.68956815628127,-2.4798565760521134,-0.5877275690781735,0.024851064826863403
outer,0.5895235289466355,298.60584809462586,-2.479535012432079,-0.5845544895696713,0.025351400098978186
outer,0.5962253017679471,298.77306950182253,-2.479734819596677,-0.590924586177571,0.0256418693035463
outer,0.6012152572535508,298.52190281823334,-2.4792105562676063,-0.5813769579415878,0.025851479124243057
outer,0.6085502373695078,298.6895681562812,-2.4793980920371186,-0.5877566929675064,0.026168542613785376
outer,0.6208650884653194,298.6058480946259,-2.4790581211770615,-0.5845843526625938,0.02669489626742529
outer,0.6263792115171345,298.77306950182253,-2.479270890037701,-0.5909544650044171,0.026934519562635838
outer,0.6331705467823119,298.5219028182334,-2.4787149149769148,-0.5814075403102196,0.027220971807693346
outer,0.6393186370480665,298.68956815628127,-2.4789151592398064,-0.5877873655394654,0.02748718852609538
outer,0.652247475285415,298.6058480946259,-2.478555823878732,-0.5846157991539984,0.02803951261234666
outer,0.656584209697012,298.7730695018226,-2.4787831872458574,-0.5909859046340138,0.028228764546903845
outer,0.6651664524439075,298.5219028182334,-2.4781928931647412,-0.5814397394461615,0.028591535414669335
outer,0.6701378632102414,298.68956815628127,-2.4784075112396806,-0.5878196330310802,0.028807378112671256
outer,0.6836804268564476,298.60584809462586,-2.4780278522346393,-0.5846488734335855,0.029385620204528035
outer,0.6868580074793429,298.7730695018226,-2.4782715164783866,-0.5910188891446411,0.029525201142705695
outer,0.6972126613233469,298.5219028182334,-2.4776442207471994,-0.5814735978908868,0.02996353646577463
outer,0.7010255362169037,298.68956815628127,-2.4778749477853617,-0.5878534809366547,0.03012970364036721
outer,0.7151814728025924,298.60584809462586,-2.4774740005219864,-0.5846835622637444,0.030733806638246357
outer,0.7171812079037803,298.7730695018226,-2.4777358668457485,-0.59105338519642,0.03082310279018645
outer,0.7293266123774204,298.5219028182334,-2.4770686865702785,-0.5815091035239893,0.031337557827099696
outer,0.7319623585622773,298.6895681562812,-2.4773174565583402,-0.587888876182576,0.031453439511409796
outer,0.7467314149912732,298.60584809462586,-2.4768942549962034,-0.5847198327365182,0.03208334721349475
outer,0.7475554506781665,298.7730695018226,-2.477175991206414,-0.5910894682787572,0.03212253333073404
outer,0.7614892067709267,298.5219028182334,-2.4764662754878892,-0.5815462235125992,0.03271287563256253
outer,0.7629499615468538,298.6895681562812,-2.476734791130652,-0.587925890851315,0.03277864667835486
outer,0.7780081756922259,298.7730695018226,-2.4765915458424264,-0.5911271599246118,0.03342446526335136
outer,0.7783318763225509,298.6058480946259,-2.476288370082843,-0.5847577536089974,0.03343429990305868
outer,0.7937020590098068,298.5219028182334,-2.475836742893579,-0.5815850233476728,0.034089544786476814
outer,0.7940156443670199,298.6895681562812,-2.4761266014471106,-0.5879645468072572,0.03410629087299045
outer,0.8085285472193507,298.7730695018226,-2.4759824504761583,-0.5911664091391413,0.034728491889261234
outer,0.8100100154147383,298.6058480946259,-2.475655989479619,-0.5847973469649804,0.03478762361166974
outer,0.8251486268546566,298.6895681562812,-2.4754928029031262,-0.5880047943286242,0.03543596460784679
outer,0.8259921872415731,298.5219028182334,-2.475179726329239,-0.5816255252142533,0.035468517305787685
outer,0.8391090772156361,298.77306950182253,-2.4753486373379316,-0.5912072374854596,0.03603428235226416
outer,0.8417551076124562,298.6058480946259,-2.4749970242489554,-0.5848385641738019,0.036142910010401
outer,0.8563414593593272,298.68956815628127,-2.4748333283651442,-0.5880466534340713,0.03676733632828169
outer,0.8583489222812466,298.5219028182334,-2.4744951325480335,-0.5816676814073368,0.03684938396856041
outer,0.8697539558167431,298.7730695018226,-2.4746896913722454,-0.5912497217586766,0.037342032800413885
outer,0.8735597416275409,298.6058480946259,-2.4743114079661876,-0.584881423678018,0.03749982676405661
outer,0.88759831053258,298.68956815628127,-2.474147760876365,-0.5880901973691901,0.03810059859451161
outer,0.8907648911737264,298.52190281823334,-2.473782895893983,-0.5817115087542316,0.03823181157849269
outer,0.900501098922697,298.7730695018226,-2.474005208791021,-0.5912938724025542,0.038653062954625284
outer,0.9054280646448832,298.6058480946259,-2.47359872197462,-0.584925995254973,0.03885856275853646
outer,0.9189569018672847,298.6895681562812,-2.473435687327891,-0.5881354382926841,0.039437062452366084
outer,0.9232442196535809,298.5219028182334,-2.473042596189156,-0.5817570736180404,0.039615985260632654
outer,0.9313183232483863,298.77306950182253,-2.4732952221948565,-0.5913396096587594,0.03996621535399472
outer,0.9373976039093265,298.6058480946259,-2.4728585438838455,-0.5849722925483848,0.04022042031126359
outer,0.9503852150924784,298.68956815628127,-2.4726971378219083,-0.5881822972262855,0.04077557247105309
outer,0.955824240865765,298.52190281823334,-2.4722738018361152,-0.5818043909129029,0.041003198551640814
outer,0.9622080686895685,298.7730695018226,-2.4725595565119365,-0.5913870079126252,0.041281494429392544
outer,0.9694365060289974,298.6058480946259,-2.4720909012798136,-0.5850202371588502,0.04158424597425472
outer,0.9818856775938049,298.68956815628127,-2.4719319390724652,-0.5882308452857318,0.04211613128432164
outer,0.9884732661717994,298.5219028182334,-2.4714765378802457,-0.5818533826109582,0.04239229994170809
outer,0.9931830776277016,298.7730695018226,-2.471797678665865,-0.591436128599801,0.04259940198245531
outer,1.0015471858897054,298.60584809462586,-2.4712956228251906,-0.5850698969977669,0.042950040482503296
outer,1.0134709664183275,298.68956815628127,-2.4711395521674135,-0.5882811414971912,0.04345923547669104
outer,1.0211936979670735,298.5219028182334,-2.4706506350760806,-0.5819041134674179,0.043783288165599635
outer,1.0242694765647946,298.77306950182253,-2.4710091844391067,-0.5914869694822786,0.04392084613476724
outer,1.0337422552576037,298.60584809462597,-2.470472163957752,-0.5851213286521458,0.044318295122685245
outer,1.045167074109046,298.68956815628127,-2.470319563633057,-0.5883331851576019,0.044805785664903924
outer,1.0539980827867523,298.5219028182334,-2.4697955434120065,-0.5819566375966223,0.04517664913339699
outer,1.0554396511184125,298.7730695018226,-2.4701940791001604,-0.5915394698551578,0.04524481646774688
outer,1.0660475728261447,298.6058480946259,-2.469620102003061,-0.5851745326890997,0.045689902959143325
outer,1.0769465278714387,298.6895681562812,-2.4694719773210343,-0.5883869154122058,0.046154772739144354
outer,1.086696636602215,298.7730695018226,-2.4693521371461915,-0.5915937003525359,0.046571340179280246
outer,1.0869121455768749,298.5219028182334,-2.4689108310609984,-0.5820109565598365,0.046573268312594125
outer,1.0984358072730491,298.6058480946259,-2.4687394393829054,-0.5852294479110435,0.04706385614468149
outer,1.1088123474560747,298.68956815628127,-2.4685965681672597,-0.5884423996362153,0.04750622191795404
outer,1.118054008624821,298.77306950182253,-2.4684827188133482,-0.591649731135897,0.04790094819912095
outer,1.119908696379215,298.5219028182334,-2.4679964990114613,-0.5820670086366013,0.04797213907119605
outer,1.130909962798417,298.6058480946259,-2.4678299516264874,-0.5852861384691237,0.04844017781383923
outer,1.140778038865058,298.6895681562812,-2.4676926889109385,-0.588499705168245,0.04886065857946086
outer,1.149540517148922,298.77306950182265,-2.4675853099257012,-0.5917075676915586,0.04923464338957751
outer,1.1529907238556165,298.5219028182334,-2.467052323548448,-0.5821248547763015,0.0493732823560887
outer,1.1634834758548824,298.6058480946259,-2.466890984238833,-0.5853446688427735,0.04981938770240457
outer,1.1728722046506648,298.68956815628127,-2.4667598149170553,-0.5885588389059799,0.05021907701565942
outer,1.181126668665875,298.77306950182253,-2.4666599008734837,-0.5917671391094764,0.050571352121044535
outer,1.186171594961965,298.5219028182334,-2.466077643194987,-0.5821845565357692,0.050777212177698046
outer,1.1961848017047618,298.60584809462597,-2.46592200220052,-0.5854050470095613,0.05120247149588911
outer,1.2050655025270585,298.68956815628127,-2.4657979352895643,-0.5886197294881155,0.05158040482964618
outer,1.212816202900169,298.77306950182253,-2.4657063169336286,-0.5918285076902484,0.05191109207862506
outer,1.219479617783284,298.52190281823346,-2.4650719126209832,-0.5822461226555501,0.05218490558006426
outer,1.2289847491614143,298.60584809462597,-2.4649229932955894,-0.5854672009423073,0.0525883579952188
outer,1.2373616530439009,298.6895681562812,-2.464806875743338,-0.5886824362515717,0.05294465775378763
outer,1.2446130834074465,298.77306950182265,-2.4647238337028146,-0.5918917576693578,0.05325406624724053
outer,1.2528857521166625,298.5219028182334,-2.46403511824543,-0.5823094802155593,0.05359529252043345
outer,1.2618870196154006,298.6058480946259,-2.4638937837740142,-0.5855311869925643,0.05397706086882544
outer,1.2697645994344646,298.6895681562812,-2.463785903971224,-0.5887470388854855,0.05431203468974581
outer,1.276565942067271,298.77306950182253,-2.4637116312683403,-0.5919569426697865,0.05460197810631031
outer,1.2863936802082157,298.5219028182334,-2.4629670869857847,-0.5823746825484156,0.055008384494694945
outer,1.2948955359941616,298.6058480946259,-2.462833633800608,-0.5855970803180915,0.05536877482482104
outer,1.3023227242267446,298.68956815628127,-2.462734186091348,-0.5888135921600097,0.05568422676873163
outer,1.3086392535604934,298.7730695018226,-2.4626696487065414,-0.592023945991984,0.055953576248679485
outer,1.3200073046950231,298.5219028182334,-2.461867071857404,-0.5824418002781758,0.05642437192154169
outer,1.328058431678239,298.6058480946259,-2.4617416957113196,-0.5856649364671506,0.05676517861074113
outer,1.3350006842515507,298.6895681562812,-2.4616516585100383,-0.5888819794688799,0.05705998355797855
outer,1.3408351966520033,298.7730695018226,-2.4615977395053217,-0.592092838585509,0.0573087943832272
outer,1.3537745100002427,298.5219028182334,-2.4607342115719093,-0.5825108893676644,0.05784492113141195
outer,1.3613405454992975,298.6058480946259,-2.46061790314233,-0.5857346385908103,0.05816502276514634
outer,1.367800647102495,298.68956815628127,-2.460538175757121,-0.5889522681013623,0.058439237317672754
outer,1.37315860055405,298.7730695018226,-2.460495363359975,-0.5921636654133151,0.05866779005922523
outer,1.3876603168175192,298.5219028182334,-2.4595684368728916,-0.582581832375899,0.05926878361563283
outer,1.3947440338887798,298.6058480946259,-2.45946211175673,-0.5858062503151961,0.05956823797440365
outer,1.4007274172309785,298.68956815628127,-2.4593931908222535,-0.5890245001478435,0.05982214136505608
outer,1.4056261755516277,298.7730695018226,-2.4593616118636095,-0.5922365155299051,0.06003119286445742
outer,1.4216668704248276,298.5219028182334,-2.458369604669886,-0.5826546892097043,0.06069588835980662
outer,1.428273676557392,298.6058480946259,-2.45827376796399,-0.5858798106451995,0.060974973194937006
outer,1.4337976192427386,298.68956815628127,-2.458215783092523,-0.5890987607913436,0.06120931829766982
outer,1.4382673482787316,298.77306950182253,-2.4581956955714355,-0.5923114028514482,0.06140002288530702
outer,1.4557989258109059,298.5219028182334,-2.457137155031692,-0.5827294956033804,0.06212637985867959
outer,1.4619460125020947,298.6058480946259,-2.4570519394494585,-0.5859554007419803,0.06238584393593982
outer,1.4670405288919555,298.6895681562812,-2.4570051505855055,-0.5891750644889165,0.06260177797424467
outer,1.4710535202891557,298.7730695018226,-2.456997483193594,-0.5923882454699331,0.06277323585327974
outer,1.4900729364291265,298.52190281823346,-2.4558701444244506,-0.5828063285454389,0.06356086646777326
outer,1.4957901667204045,298.6058480946259,-2.4557958119562153,-0.5860330351684414,0.06380184984201166
outer,1.5004276943659678,298.68956815628127,-2.45576116056597,-0.5892533276176061,0.06399847641487198
outer,1.5039905292541809,298.7730695018226,-2.4557666652443433,-0.592467119506002,0.06415090940229876
outer,1.5245178766355043,298.52190281823346,-2.4545677464906204,-0.5828852022785299,0.06500033762982527
outer,1.5297778339133115,298.60584809462586,-2.4545052513331957,-0.5861126283374913,0.06522194724577551
outer,1.5339649234044423,298.68956815628127,-2.45448350175854,-0.5893336221422251,0.06539948836655848
outer,1.5370845339745496,298.7730695018226,-2.454502637607603,-0.5925480541601903,0.06553322640968297
outer,1.5591055875327753,298.5219028182334,-2.453229825614021,-0.5829660289631392,0.06644374998358529
outer,1.5639147919132421,298.60584809462597,-2.4531799446061058,-0.586194248015729,0.0666462079174957
outer,1.5676583432298439,298.68956815628127,-2.453171562627563,-0.5894159746095297,0.0668049916223549
outer,1.57034202910104,298.7730695018226,-2.4532044208913937,-0.5926311449510888,0.06692045127762555
outer,1.59384181706918,298.5219028182334,-2.451856067205457,-0.5830488720344963,0.06789117221286337
outer,1.5982071363903896,298.6058480946259,-2.4518192727543497,-0.586277917735766,0.06807480444238702
outer,1.6015144151927978,298.68956815628127,-2.4518243509635718,-0.5895004747932717,0.06821524504112376
outer,1.6038075061506907,298.77306950182265,-2.451870812442238,-0.5927164672838435,0.06831412522260628
outer,1.628732629386505,298.5219028182334,-2.4504458448474717,-0.5831337516591045,0.06934277158735228
outer,1.6326612954225017,298.6058480946259,-2.4504222311688206,-0.5863637213074727,0.06950798998561736
outer,1.6355774026879333,298.68956815628127,-2.450440647140735,-0.5895871972331147,0.06963177649178569
outer,1.6374572454134264,298.7730695018226,-2.4505014051692973,-0.5928039101188294,0.06971340535740178
outer,1.663784419314965,298.52190281823346,-2.448998142042273,-0.5832207454729329,0.07079879547464177
outer,1.667321304468205,298.6058480946259,-2.448987583631429,-0.5864517318444014,0.07094727900948242
outer,1.669823707623785,298.6895681562812,-2.4490200388137184,-0.5896760292657979,0.07105374090296879
outer,1.671292352945916,298.77306950182265,-2.449095853451164,-0.5928935394538133,0.07111819287586174
outer,1.6990409945512217,298.5219028182334,-2.447511706350275,-0.5833099246219039,0.0722607449117624
outer,1.702163686955359,298.6058480946259,-2.44751491273118,-0.5865418345541902,0.07239182429239029
outer,1.7042544303858633,298.68956815628127,-2.4475621774617817,-0.5897670315240219,0.07248103650710354
outer,1.7053205992264904,298.77306950182253,-2.447653420399332,-0.5929854004201447,0.07252870087033197
outer,1.7344789999495893,298.5219028182334,-2.4459861154163343,-0.583401171695536,0.07372777056865379
outer,1.7371895376028965,298.60584809462597,-2.4460038674604165,-0.586634084600681,0.07384152109402956
outer,1.7388773016108359,298.68956815628127,-2.4460663177343736,-0.5898602447971287,0.07391387047855227
outer,1.7395501623235983,298.7730695018226,-2.446173263516294,-0.5930795293702825,0.07394517174470777
outer,1.7700995245669005,298.5219028182334,-2.4444210160421305,-0.5834945362140704,0.07519976470634249
outer,1.7724065472383395,298.6058480946259,-2.4444536942059836,-0.5867285181236084,0.07529657065243991
outer,1.7737004574353803,298.68956815628127,-2.4445316072296532,-0.5899557011887048,0.07535247871645906
outer,1.7739896461283746,298.7730695018226,-2.444654491369737,-0.5931759640247192,0.07536786056936524
outer,1.8059102194517593,298.5219028182334,-2.442815646532658,-0.5835900492949548,0.07667692259840085
outer,1.8078228101010967,298.6058480946259,-2.4428635307783204,-0.5868251625433795,0.07675720231237804
outer,1.8086480993397014,298.7730695018226,-2.4430958598166477,-0.5932748053683823,0.07679709267581095
outer,1.8087324576358286,298.68956815628127,-2.4429571438662587,-0.5900534338607683,0.07679710951021787
outer,1.841919136978315,298.5219028182334,-2.441169135107453,-0.5836877332247343,0.07815946699574307
outer,1.8434468418886258,298.6058480946259,-2.4412324646460712,-0.5869240459758254,0.07822365752410232
outer,1.8435658774533719,298.77306950182253,-2.4414958872433243,-0.5933761260053799,0.07823422830349762
outer,1.843982304515371,298.68956815628127,-2.4413416674193353,-0.590153536312843,0.07824808086290819
outer,1.8781347487987885,298.5219028182334,-2.4394805590551796,-0.5837876105753326,0.07964763247571247
outer,1.8787243693275137,298.7730695018226,-2.439853850994652,-0.5934798232934113,0.07967858211283467
outer,1.8792875985463873,298.6058480946259,-2.439559220065119,-0.5870252540794092,0.0796962469067957
outer,1.879490146654057,298.6895681562813,-2.439683678101623,-0.5902560781192646,0.07970673908131454
outer,1.9141303018143632,298.7730695018226,-2.4381690467948185,-0.5935859806395963,0.08113024860337482
outer,1.9145659645362778,298.5219028182334,-2.4377486276739293,-0.5838897587635193,0.08114172224558343
outer,1.9152374683354083,298.68956815628127,-2.4379824461727635,-0.5903609524931168,0.08117239510920254
outer,1.915385021907995,298.6058480946259,-2.437842279408866,-0.5871288526714571,0.08117630282676994
outer,1.949794394130347,298.7730695018226,-2.436440344112799,-0.5936946472399744,0.0825895298441044
outer,1.9512309619208097,298.6895681562812,-2.4362372598037068,-0.5904682352517656,0.08264513802863915
outer,1.9512525194357175,298.5219028182334,-2.435971805843935,-0.5839942391025688,0.08264305474866893
outer,1.9517206916043515,298.6058480946259,-2.4360809059702304,-0.5872347301035531,0.08266313253272892
outer,1.9857279016280207,298.77306950182265,-2.434666502515136,-0.5938058666787941,0.08405675126931332
outer,1.9874812916658382,298.68956815628127,-2.434446975576001,-0.590577968653478,0.08412526175899816
outer,1.9881760884024153,298.5219028182334,-2.434149350028223,-0.5841009343400676,0.08415093358816918
outer,1.9883012655342338,298.6058480946259,-2.434274380816788,-0.5873429541634313,0.08415681966546082
outer,2.0219426391029693,298.7730695018226,-2.4328462078891655,-0.5939196832380199,0.08553225289286434
outer,2.0239996552132333,298.6895681562813,-2.432610339044449,-0.5906901889103048,0.0856130829790905
outer,2.025137353037304,298.6058480946259,-2.432421548078746,-0.5874535595166834,0.08565765001456818
outer,2.025343294899105,298.5219028182334,-2.4322805346417766,-0.5842099037440432,0.08566543697589823
outer,2.0584510050114155,298.77306950182253,-2.430978067883768,-0.594036141608656,0.08701638958842012
outer,2.0607978067802084,298.68956815628127,-2.4307260214901825,-0.5908049322679096,0.0871089325697226
outer,2.062240094093607,298.6058480946259,-2.430521139791085,-0.5875665742860539,0.08716593155951202
outer,2.0627646933912627,298.52190281823334,-2.43036419182424,-0.5843211737071652,0.087186842636059
outer,2.0952660066238797,298.7730695018226,-2.4290606072199745,-0.5941552865751516,0.0885095313895449
outer,2.0978880812520955,298.68956815628127,-2.428792615443056,-0.5909222346994543,0.08861315591359273
outer,2.099621182391706,298.6058480946259,-2.428571813196868,-0.5876820259459054,0.08868198614914485
outer,2.1004513662403106,298.5219028182334,-2.4283990405877733,-0.5844347635196199,0.08871544995588077
outer,2.1324012861390576,298.77306950182253,-2.427092262943223,-0.5942771627876569,0.09001206385482592
outer,2.135283419206897,298.6895681562812,-2.4268086300777387,-0.5910421316276577,0.09012611323064576
outer,2.1372928892979473,298.6058480946259,-2.4265721463127363,-0.5877999410054058,0.09020614982336178
outer,2.1384149466522118,298.5219028182334,-2.42638372467086,-0.5845506911163338,0.09025157190290467
outer,2.1698711477818944,298.7730695018226,-2.4250713795411536,-0.5944018147332412,0.09152438849693817
outer,2.17299739289533,298.6895681562812,-2.4247724864327798,-0.5911646577288613,0.09164817995680682
outer,2.17526808875242,298.6058480946259,-2.424520633319509,-0.5879203447347349,0.09173877316287529
outer,2.176667642522877,298.5219028182334,-2.424316808097727,-0.5846689727355767,0.09179553536037396
outer,2.207690585908187,298.77306950182253,-2.42299620351873,-0.5945292867770073,0.09304692317051577
outer,2.2110442331999187,298.6895681562812,-2.4226825122607005,-0.5912898468014118,0.09317974711334406
outer,2.213560283115111,298.6058480946259,-2.4224156796424534,-0.5880432609072023,0.09328022164348287
outer,2.215222261205269,298.5219028182334,-2.4221967704910825,-0.5847896225950954,0.09334768146983863
outer,2.245875314137699,298.7730695018226,-2.420864876940091,-0.5946596228660391,0.0945801022440612
outer,2.2494388575954813,298.68956815628127,-2.420536936171406,-0.5914177314676691,0.09472122155700154
outer,2.252183629986072,298.6058480946259,-2.420255596525275,-0.5881687114562469,0.09483087592843485
outer,2.254092235221926,298.5219028182334,-2.420022001974282,-0.5849126524885435,0.09490836594821046
outer,2.2844417955354395,298.7730695018226,-2.418675429964425,-0.5947928655454675,0.09612437647343777
outer,2.2881968991329886,298.68956815628127,-2.4183338810006156,-0.591548342470722,0.0962730260355914
outer,2.2911529700221416,298.6058480946259,-2.418038594983435,-0.5882967158763983,0.09639113203600443
outer,2.2932916489464037,298.5219028182334,-2.417790797577989,-0.5850380712246191,0.09647795932501431
outer,2.3234072738595177,298.7730695018226,-2.416425773381764,-0.5949290545607545,0.09768021279059588
outer,2.3273347364658337,298.68956815628127,-2.4160713567954226,-0.5916817075412377,0.09783559911854124
outer,2.330483855771349,298.6058480946259,-2.4157627793124754,-0.5884272903065739,0.09796140139304024
outer,2.332835266276085,298.5219028182334,-2.4155013512120638,-0.5851658838345758,0.09805684709385815
outer,2.362789805892269,298.77306950182253,-2.4141136921202935,-0.5950682257656992,0.09924809437459507
outer,2.3668695249379463,298.68956815628127,-2.413747254147822,-0.5918178502506226,0.09940939522666395
outer,2.37019258154468,298.6058480946259,-2.413426140543883,-0.588560446435159,0.09954211089790851
outer,2.372738559317428,298.5219028182334,-2.413151749386771,-0.5852960905606002,0.09964542983425795
outer,2.402608294867988,298.7730695018226,-2.4117368394424155,-0.5952104108448986,0.10082852109401569
outer,2.4068192287485153,298.6895681562812,-2.411359338010151,-0.5919567892726675,0.10099488490928742
outer,2.4102962143439437,298.6058480946259,-2.4110265501165093,-0.5886961905392286,0.1011337031231088
outer,2.4130177381033846,298.5219028182334,-2.4107399649319645,-0.585428685820081,0.10124412340046625
outer,2.4428825250090695,298.77306950182253,-2.4092927300255087,-0.5953556372299318,0.10242200991752026
outer,2.447202654208883,298.68956815628127,-2.408905241108432,-0.5920985379335171,0.10259255521925521
outer,2.4508126258612095,298.6058480946259,-2.408561753412967,-0.5888345227395272,0.10273663663843667
outer,2.453689781361125,298.52190281823346,-2.4082638506346483,-0.5855636572776973,0.10285335921162964
outer,2.483633197178551,298.7730695018226,-2.4067787306096338,-0.5955039270388749,0.10402909482502333
outer,2.48803948410119,298.6895681562812,-2.4063824558723903,-0.5922431033857616,0.10420290986329604
outer,2.49176052556395,298.6058480946259,-2.4060293624215228,-0.5889754361522626,0.10435138626919462
outer,2.494772468345925,298.5219028182334,-2.405721132325199,-0.5857009848888585,0.10447358455393964
outer,2.5248819656535844,298.7730695018226,-2.404192049339098,-0.5956552949477875,0.10565032629712855
outer,2.529350313148529,298.6895681562812,-2.4037883248674117,-0.5923904849308196,0.10582646900145037
outer,2.533159494877355,298.60584809462586,-2.4034268471682756,-0.5891189155170098,0.10597844312963935
outer,2.5362844117555845,298.5219028182334,-2.403109401046038,-0.5858406396495408,0.10610526276883242
outer,2.5666514760208026,298.77306950182253,-2.4015291353034,-0.5958098856033196,0.10728636527663879
outer,2.571156684599519,298.68956815628127,-2.4011200309724354,-0.5925406718866266,0.10746376893363142
outer,2.575030022471137,298.60584809462586,-2.4007515263913493,-0.5892649352663395,0.10761831448920509
outer,2.5782450917352366,298.52190281823334,-2.4004261043725568,-0.5859825818927347,0.10774887329466257
outer,2.6090140455546624,298.7730695018226,-2.398785362680302,-0.5959678255296664,0.10893947198435108
outer,2.613481127929379,298.68956815628127,-2.3983739869656597,-0.5926937764567499,0.10911545513267631
outer,2.6173935406562174,298.6058480946259,-2.3980005581962036,-0.5894134574227703,0.10927152366780064
outer,2.6206748909823787,298.5219028182334,-2.397668537322598,-0.5861267592487638,0.10940491166815695
outer,2.6519766429667513,298.77306950182253,-2.395957262300946,-0.596128835436397,0.11060965572378693
outer,2.6563955896184606,298.68956815628127,-2.3955455234392766,-0.5928498949283617,0.11078376144657899
outer,2.660272462891663,298.6058480946259,-2.395170319347582,-0.5895645597051297,0.1109387020349263
outer,2.6635951309548136,298.5219028182334,-2.3948338330890353,-0.5862731044808008,0.11107388959291216
outer,2.695546041442812,298.7730695018226,-2.3930422071024218,-0.5962928592880473,0.11229681519834243
outer,2.699907002647391,298.68956815628127,-2.3926311462632013,-0.5930087176165534,0.11246868435416726
outer,2.7037383651668687,298.60584809462586,-2.392256096464997,-0.5897183054783688,0.11262205861861498
outer,2.70702810918385,298.52190281823334,-2.391918332030335,-0.5864216587185186,0.1127564258670166
outer,2.739750045773689,298.7730695018226,-2.390036727446363,-0.5964599024941629,0.11400156643202283
outer,2.744022105473715,298.68956815628127,-2.3896282084577227,-0.5931701512007362,0.11417011433523384
outer,2.747798144760913,298.6058480946259,-2.389254369195444,-0.5898743518551418,0.11432157885754518
outer,2.751045031450614,298.5219028182334,-2.388917275866275,-0.5865724498011752,0.11445470647297021
outer,2.7846176917015786,298.7730695018226,-2.38693517365621,-0.5966302642579185,0.1157248205847728
outer,2.78876856032396,298.68956815628127,-2.3865332103116557,-0.5933341594681482,0.11588865454926568
outer,2.792458505431337,298.6058480946259,-2.3861624691858725,-0.5900325657988911,0.11603714700452179
outer,2.795652759359809,298.5219028182334,-2.3858271162396596,-0.5867250990730934,0.11616870783558433
outer,2.8303021787154186,298.77306950182253,-2.383729868467134,-0.5968040154934893,0.11747131709104441
outer,2.8341752540646636,298.68956815628127,-2.383340438816036,-0.5935009835846916,0.11762519879469671
outer,2.8377469669572926,298.6058480946259,-2.3829768648509253,-0.5901928669680467,0.11776935570043705
outer,2.8408579619955874,298.5219028182334,-2.3826451612451476,-0.586879431645408,0.11789831018767966
outer,2.876734760053881,298.77306950182265,-2.3804173820914634,-0.5969802171949002,0.1192384093881239
outer,2.8803946006810883,298.6895681562812,-2.380042146880002,-0.5936706482072585,0.11938444402498433
outer,2.883692267451232,298.6058480946259,-2.379691778075566,-0.5903554359519163,0.11951908414240434
outer,2.886688016798017,298.52190281823334,-2.3793678447703246,-0.5870353209483044,0.11964409814282866
outer,2.923942532200674,298.7730695018226,-2.3769931139533593,-0.5971594336335058,0.12102671380695035
outer,2.927358205898939,298.68956815628127,-2.376634886911541,-0.5938421652208828,0.12116375051003252
outer,2.9304460360375204,298.6058480946259,-2.3762993887478743,-0.5905202478023366,0.12129098994605797
outer,2.9331715132392544,298.52190281823334,-2.3759893207603087,-0.5871928848422374,0.1214069391452648
outer,2.9721009148663278,298.7730695018226,-2.3734474236213767,-0.5973417709837116,0.12284160049774714
outer,2.9750930272694442,298.6895681562812,-2.3731139974913673,-0.5940160223576995,0.1229637278210378
outer,2.9779402306405585,298.6058480946259,-2.3727962257309816,-0.5906862624583711,0.12308244339152996
outer,2.9804592961813188,298.5219028182334,-2.37250169180005,-0.587352045884639,0.12319145461243389
outer,3.0211654850333844,298.7730695018226,-2.3697741590873918,-0.5975262603342618,0.12468123616770066
outer,3.0237735850690877,298.6895681562812,-2.3694697397427573,-0.5941922567788287,0.12478970205216494
outer,3.026201669992628,298.6058480946259,-2.3691775612702513,-0.5908538888249809,0.12489405061917339
outer,3.028483675478566,298.52190281823334,-2.3689014568262885,-0.5875117100425231,0.12499502793564021
outer,3.071207060066456,298.77306950182253,-2.365966083748187,-0.5977132982853618,0.12654755033301213
outer,3.0733556840517897,298.6895681562812,-2.3656959025078486,-0.5943698236854249,0.1266398442124897
outer,3.0754039756723257,298.60584809462586,-2.3654335520541716,-0.5910230919020392,0.1267310977431577
outer,3.0772713311503814,298.52190281823334,-2.3651838160528698,-0.5876722063857132,0.126818265112743
outer,3.122367759010755,298.7730695018226,-2.3620124951310797,-0.5979025260568256,0.12844461285657122
outer,3.123909778478386,298.68956815628127,-2.3617851530687637,-0.59454902157203,0.12851607217517197
outer,3.1255031800183395,298.60584809462586,-2.3615579205536394,-0.5911927497446492,0.12859176446839016
outer,3.1269949867626936,298.5219028182334,-2.3613388155405235,-0.5878334262812517,0.128666416154863
outer,3.1746195764026894,298.7730695018225,-2.3579046197473605,-0.5980932389262993,0.1303711518320128
outer,3.1755772587035165,298.68956815628127,-2.3577266727691413,-0.5947293987352995,0.1304224275512202
outer,3.1765693744849726,298.6058480946259,-2.35754323068444,-0.5913630632017685,0.1304779616171648
outer,3.177610902065632,298.5219028182334,-2.3573601036683582,-0.5879941710564318,0.13053767326542284
outer,3.2281473691578,298.77306950182253,-2.353630286114117,-0.5982856008585709,0.13233252640302728
outer,3.2283302628567276,298.68956815628127,-2.3535115758910017,-0.5949101382520072,0.1323576493432238
outer,3.2287432213325045,298.60584809462586,-2.3533785377234024,-0.5915334878257521,0.13239370708942197
outer,3.2291888059835454,298.52190281823334,-2.3532401332645247,-0.5881545460024522,0.132433943874062
outer,3.281868633237706,298.52190281823334,-2.348967824013328,-0.5883139160448843,0.13435922549917748
outer,3.2819970021660674,298.60584809462586,-2.3490548324896805,-0.591703096665996,0.1343377548860853
outer,3.2823527000319297,298.6895681562812,-2.3491275312862228,-0.5950912834511304,0.1343270699880636
outer,3.2829883465450527,298.77306950182253,-2.34917776253508,-0.5984782792591785,0.13432924616066125
outer,3.33562280879942,298.5219028182334,-2.344534033807963,-0.5884712489855781,0.1363122898251279
outer,3.336513679033539,298.6058480946259,-2.34455961338579,-0.5918718162808337,0.13631541454538904
outer,3.337681588714017,298.68956815628127,-2.344562656904267,-0.5952713793401199,0.1363312048709442
outer,3.3391959852795505,298.77306950182253,-2.344534205075439,-0.5986712178401418,0.13636265529565564
outer,3.3906333483928477,298.5219028182334,-2.339926082360529,-0.5886263614686915,0.13829842553049426
outer,3.3923300797918676,298.6058480946259,-2.3398808369427444,-0.592038076016682,0.13832721022996702
outer,3.3943701314256796,298.68956815628115,-2.3398039068426044,-0.5954502150380232,0.13837140627502595
outer,3.397054948813248,298.7730695018226,-2.339679574606366,-0.5988640083309154,0.13844105702191628
outer,3.4469368893923327,298.5219028182334,-2.335131756714295,-0.588777576722726,0.14031816615752463
outer,3.449499132995497,298.6058480946259,-2.3350052471245024,-0.5922015218653326,0.14037450439480362
outer,3.452701532056629,298.6895681562812,-2.334830976882607,-0.5956272281229054,0.14045593817356797
outer,3.4565613789760192,298.77306950182253,-2.334597445565665,-0.5990544487208571,0.14056351603681777
outer,3.5045860865931737,298.52190281823334,-2.330137586510123,-0.5889244116061568,0.14237288357190475
outer,3.5083025841662585,298.6058480946259,-2.3299122661179563,-0.5923614498421496,0.14246552195492496
outer,3.5126719522186707,298.6895681562812,-2.329627205461688,-0.5958000615823584,0.14258389251134188
outer,3.5178766662416114,298.7730695018226,-2.329269918985878,-0.5992420430819031,0.14273433052494847
outer,3.563861228261496,298.52190281823334,-2.3249227173632194,-0.5890660355381131,0.14447076069294346
outer,3.5687366146818564,298.60584809462586,-2.3245849898948094,-0.5925153650353124,0.14459937904643771
outer,3.574441954884202,298.68956815628127,-2.3241744041337142,-0.5959680516285116,0.14475956966133716
outer,3.581184929610467,298.7730695018226,-2.323672340444955,-0.599425400292809,0.14495849538406783
outer,3.624758515525944,298.5219028182334,-2.319470003824295,-0.5891998349262403,0.14661093164571656
outer,3.6309609606902136,298.60584809462586,-2.319004942369218,-0.592662459099589,0.14678037236452474
outer,3.6381947150155733,298.6895681562812,-2.318447557362676,-0.5961296249270661,0.1469879544991005
outer,3.6466865864465516,298.77306950182253,-2.317776813671346,-0.5996027443795159,0.14724136470814592
outer,3.6874368583405293,298.52190281823334,-2.3137606928116163,-0.5893248817334189,0.14879768057104933
outer,3.6951578538880283,298.60584809462586,-2.3131467569959345,-0.5928010043884667,0.14901346796602583
outer,3.7041296223716422,298.6895681562812,-2.3124183693632947,-0.5962828209344978,0.1492743872475086
outer,3.714599004238092,298.77306950182253,-2.3115520353910433,-0.599771870343647,0.14958863697717323
outer,3.752077545855868,298.5219028182334,-2.307769085905045,-0.5894393223115698,0.15103594307337595
outer,3.76152565726994,298.6058480946259,-2.306981759910195,-0.5929288903745287,0.1513039795934104
outer,3.772462929926796,298.6895681562812,-2.306055108206887,-0.5964252571925868,0.15162454671380304
outer,3.7851570449835044,298.7730695018225,-2.30496292368079,-0.5999300618991259,0.1520063357713522
outer,3.8188779150853045,298.52190281823334,-2.3014661607772675,-0.589540928953526,0.15333099130953023
outer,3.8302795102083738,298.60584809462586,-2.3004778247797306,-0.5930435982596126,0.15365754921057626
outer,3.8434282954653702,298.68956815628127,-2.299322246403628,-0.596554060237678,0.154044427376774
outer,3.8586134685757534,298.7730695018225,-2.2979671067392355,-0.6000750225387121,0.15450135792167863
outer,3.88805199264874,298.5219028182334,-2.294819436998742,-0.5896270824210436,0.15568841133576267
outer,3.9016518672589444,298.60584809462586,-2.293599025134996,-0.5931421424829949,0.15608011945643308
outer,3.9172771828982365,298.6895681562812,-2.2921769154559692,-0.5966667842478045,0.15654087603895855
outer,3.9354528136368687,298.77306950182253,-2.2905109899699236,-0.6002030642585843,0.15708674763620017
outer,3.9598310307909514,298.52190281823334,-2.287792639238905,-0.5896947208283311,0.15811407060653548
outer,3.9758928974107013,298.6058480946259,-2.2863020545914883,-0.5932219729578827,0.1585784587524825
outer,3.994491646459981,298.6895681562812,-2.2845649867893076,-0.5967596302054596,0.15912681344720753
outer,4.015866387404124,298.77306950182253,-2.2825384094709356,-0.6003095088007314,0.15976693531627392
outer,4.034463904566613,298.52190281823334,-2.2803420832286454,-0.5897412219263914,0.16061463244975935
outer,4.053482172543748,298.6058480946259,-2.2785323207648474,-0.5932792182951057,0.1611653307134372
outer,4.0752620124934165,298.6895681562812,-2.276429794878936,-0.5968278405521591,0.16180656975690555
outer,4.1005089234600804,298.77306950182253,-2.273977145213564,-0.600390967885161,0.16255974571798415
outer,4.112427705394819,298.52190281823334,-2.272412782521789,-0.5897626662253456,0.1632026746625001
outer,4.13460903890895,298.6058480946258,-2.270232743176947,-0.5933090733048692,0.16384492958778032
outer,4.160239657548943,298.6895681562812,-2.2676985785841284,-0.5968679846656489,0.16459772418394147
outer,4.1897836117159555,298.77306950182253,-2.2647437493163354,-0.6004403951048539,0.16547468745753258
outer,4.193910800181945,298.52190281823334,-2.2639473213412784,-0.5897542154770887,0.16588222786041795
outer,4.219921518771124,298.6058480946258,-2.261330122244451,-0.5933080866256799,0.16663455538485988
outer,4.249825704251685,298.6895681562812,-2.2582874220145035,-0.5968730139657462,0.16750952688173742
outer,4.279557859465763,298.52190281823334,-2.2548721476683533,-0.5897123988642328,0.1686702890860638
outer,4.284365892930571,298.7730695018225,-2.2547408240546045,-0.6004526976386888,0.1685290496794484
outer,4.3098186691611025,298.60584809462586,-2.251740176907533,-0.5932692081037086,0.16954317008390923
outer,4.344692130155741,298.68956815628115,-2.2480985363633086,-0.5968378879116352,0.17055888294703603
outer,4.369765876258076,298.52190281823334,-2.2451026925197675,-0.5896301426038109,0.17157551398917442
outer,4.384984504000867,298.7730695018225,-2.2438461448175233,-0.6004218023840121,0.17174107143001727
outer,4.404969007261903,298.60584809462586,-2.2413648143229916,-0.5931874155403423,0.1725872712088774
outer,4.445563935686787,298.6895681562812,-2.2370093037639682,-0.596756554133459,0.17376353251484472
outer,4.465199910010128,298.52190281823334,-2.2345406153716754,-0.5895023868380401,0.17461398222131969
outer,4.4926877306908,298.77306950182253,-2.2319077287988422,-0.6003396565976907,0.17513605261134446
outer,4.506093800084988,298.60584809462586,-2.230081078428555,-0.5930565938397344,0.17578408668844256
outer,4.55348403170627,298.68956815628115,-2.2248673842362847,-0.5966209290832457,0.17714809490939126
outer,4.5665774971668505,298.5219028182333,-2.2230626483209392,-0.5893228554363193,0.17780241116190287
outer,4.608405717169277,298.77306950182253,-2.218749571239888,-0.6001964721193154,0.178733905456877
outer,4.614230587987212,298.60584809462586,-2.2177362957814384,-0.5928684929941268,0.17915756133761362
outer,4.66937779323107,298.6895681562812,-2.211496474198625,-0.596421013451115,0.180731695909326
outer,4.6749308116767585,298.5219028182333,-2.210515783530477,-0.5890829928170369,0.18116409234976924
outer,4.7302999807357375,298.6058480946258,-2.2041538472211983,-0.5926127125374775,0.1827260695185968
outer,4.7334968152385475,298.7730695018225,-2.2041568864759675,-0.5999834263144894,0.1825639628517558
outer,4.7911757016915795,298.52190281823334,-2.1967230491152456,-0.5887718170814678,0.18471669606046914
outer,4.794596607351407,298.68956815628115,-2.1966814678310307,-0.59614743690978,0.1845426675151155
outer,4.855646406407398,298.6058480946258,-2.1891182412645542,-0.5922790959564953,0.1865170133820611
outer,4.869402269767095,298.7730695018225,-2.187866076979493,-0.5996873562310622,0.1866529208120791
outer,4.916649641582717,298.52190281823334,-2.1814684886401574,-0.5883781696122362,0.18848677205646155
outer,4.930574329204181,298.6895681562812,-2.1801583889310567,-0.5957859148205598,0.18860658960223664
outer,4.991696336453714,298.6058480946258,-2.17236499889055,-0.5918519596426348,0.19055496706145958
outer,5.017933842979035,298.7730695018225,-2.1695570221507436,-0.5992891635087295,0.19102994570805765
outer,5.05277172474804,298.52190281823334,-2.16448699797561,-0.5878847282157297,0.19249799892579436
outer,5.079113431518341,298.6895681562812,-2.1616067340668907,-0.5953154517338763,0.19295142562086678
outer,5.14024296170974,298.6058480946258,-2.1535730562833773,-0.5913081145423823,0.19486684324855846
outer,5.180907004390928,298.77306950182253,-2.1488532895720502,-0.598754800174964,0.1957120203167478
outer,5.201325867208009,298.5219028182333,-2.1454568002574548,-0.5872658683997585,0.19677638406544107
outer,5.242020075307319,298.68956815628115,-2.1406498288904707,-0.5946990744521633,0.19759311002506733
outer,5.303083142301862,298.60584809462586,-2.13236530849682,-0.5906074016402101,0.19946772574574945
outer,5.360175712731544,298.77306950182253,-2.1253296928134793,-0.598031450093985,0.20070184485275744
outer,5.364099635296024,298.52190281823334,-2.124000214323417,-0.5864780498596603,0.20133634326653754
outer,5.421138713449752,298.6895681562812,-2.116862599025532,-0.5938797893663436,0.20253371427704991
outer,5.482051833036438,298.60584809462586,-2.108316641107749,-0.5896884950990232,0.2043592905800979
outer,5.542918492990604,298.5219028182333,-2.0996919813270525,-0.5854555180677903,0.20617936521689179
outer,5.557433608499918,298.77306950182253,-2.09851868359446,-0.5970249885975732,0.20597451701483027
outer,5.6181543025982625,298.6895681562812,-2.0897788263905785,-0.5927583944793279,0.20774863729772905
outer,5.67882531382514,298.6058480946258,-2.080962076785317,-0.5884471190695673,0.20951746951412248
outer,5.739450050080314,298.52190281823334,-2.072068321520243,-0.5840889629278105,0.2112821141754828
outer,5.773507429086339,298.7730695018225,-2.0679755181106843,-0.5955877350745319,0.21145806160830877
outer,5.83388934119141,298.68956815628115,-2.0589570604076055,-0.5911817718825164,0.21316770123270762
outer,5.894221847623129,298.6058480946258,-2.0498634463022114,-0.586724897519171,0.21487405215125283
outer,5.954508337267392,298.52190281823334,-2.0406943748431705,-0.5822149358379493,0.2165784851237852
outer,6.008121920686317,298.7730695018225,-2.0333661404412475,-0.5935237515027056,0.21703660712201595
outer,6.068069986740528,298.6895681562812,-2.0240684693693303,-0.5889487171015472,0.21867842270344262
outer,6.127969002102891,298.60584809462586,-2.0146972189936028,-0.5843156980586597,0.22031998740371692
outer,6.187822331309842,298.5219028182333,-2.0052519998302083,-0.5796226831514378,0.22196287486514923
outer,6.259616288510177,298.7730695018224,-1.9945539622890176,-0.5906029888009479,0.22255943834058078
outer,6.319043959891679,298.68956815628115,-1.9849826479316703,-0.5858245982934479,0.22413457263801734
outer,6.378423006378471,298.60584809462586,-1.9753392461517394,-0.580980708254698,0.22571339224493286
outer,6.437756763300441,298.5219028182333,-1.9656233470668392,-0.5760695482571621,0.2272975874228535
outer,6.525101250035152,298.7730695018224,-1.9516613341459736,-0.5865961311007067,0.22786749301275824
outer,6.583936792414374,298.68956815628115,-1.941826610441078,-0.5815761675119497,0.2293813949786358
outer,6.642724194390542,298.60584809462586,-1.9319211158723524,-0.5764830744109867,0.2309034909276172
outer,6.701466758060767,298.5219028182333,-1.9219444171766806,-0.5713153188802271,0.23243550201436786
outer,6.8011463619130135,298.77306950182253,-1.9050285217508514,-0.5812965776645114,0.23282119669050338
outer,6.85933562996053,298.6895681562812,-1.8949410808401708,-0.5759933605581021,0.23428199136948946
outer,6.917477286399382,298.6058480946258,-1.884783631732521,-0.5706094166358431,0.23575565165998608
outer,6.975574597055077,298.52190281823334,-1.8745556068509046,-0.5651433718686628,0.23724387228239868
outer,7.084452142431562,298.7730695018225,-1.8550866013634637,-0.5745165633318118,0.23730926243270173
outer,7.141957908334908,298.6895681562812,-1.8447519921739624,-0.5688854138465015,0.23872549957407468
outer,7.199416621884586,298.60584809462586,-1.8343468438610353,-0.5631658848332761,0.24015912508690465
outer,7.2568315105451004,298.5219028182333,-1.823870195887422,-0.557356611351824,0.2416118139606221
outer,7.372384763306978,298.7730695018225,-1.8022104887550772,-0.5660693628644082,0.24124320654916467
outer,7.429183303749126,298.68956815628115,-1.79162356441114,-0.5600629427931723,0.24262222869486286
outer,7.485935370503451,298.60584809462586,-1.780963088159027,-0.553960037872559,0.24402300689231238
outer,7.5426441513418965,298.5219028182333,-1.7702271039576913,-0.5477589478941874,0.24544733780705819
outer,7.663078389330823,298.77306950182253,-1.7466176668795361,-0.5557511734968555,0.24454415263709742
outer,7.719155547739271,298.6895681562812,-1.7357573464908869,-0.5493189216625823,0.24589216161652222
outer,7.775186822708963,298.6058480946258,-1.7248155790211142,-0.5427803490529695,0.24726673084551998
outer,7.831175361524858,298.52190281823334,-1.7137876046667362,-0.5361322815026732,0.24867029190050607
outer,7.955334126492173,298.7730695018225,-1.6883325735383614,-0.5433322961807405,0.2471377093529199
outer,8.010681893414533,298.6895681562812,-1.677153163876622,-0.5364159332175991,0.248462469636975
outer,8.065984373700626,298.6058480946258,-1.665872571955898,-0.5293772091386477,0.2498210750848179
outer,8.121244673698921,298.52190281823334,-1.6544784920810893,-0.5222086187987184,0.2512179846028414
outer,8.248431362409423,298.77306950182253,-1.627172483392177,-0.5285391317671257,0.2489606927411142
outer,8.303045423207504,298.68956815628115,-1.6155772643292248,-0.5210548483551738,0.2502797452179314
outer,8.357614797702116,298.60584809462586,-1.603831018889495,-0.513414743305476,0.2516477561656661
outer,8.412142551063218,298.5219028182333,-1.5919062669866901,-0.5056037790469801,0.25307360039617477
outer,8.541966555548877,298.7730695018225,-1.562669540928753,-0.5109852673238132,0.24998977442486411
outer,8.595844664673415,298.6895681562812,-1.5504385033845978,-0.5027784924819233,0.251350930586662
outer,8.649678689664679,298.6058480946258,-1.537945962622349,-0.49435154099403666,0.25279321529365445
outer,8.703471654387908,298.52190281823334,-1.5251461708774237,-0.4856857609405108,0.2543312095431529
outer,8.835721156884764,298.7730695018225,-1.4937951230665298,-0.4899922017117839,0.25031618449302373
outer,8.888862189358507,298.6895681562812,-1.4804574041243386,-0.480779134775366,0.25183307029154167
outer,8.941959740789647,298.6058480946258,-1.4666699369673222,-0.4712617130270351,0.2534860342213767
outer,8.995016793675603,298.5219028182333,-1.4523833312026644,-0.4614372459484601,0.25529083002826736
outer,9.129581909556137,298.7730695018225,-1.4184167768615505,-0.464343492269158,0.25027951442787777
outer,9.181985321106536,298.6895681562812,-1.403155124114326,-0.4537365333177521,0.25215559491588707
outer,9.234345855150435,298.60584809462586,-1.3872239649575755,-0.4427905511451329,0.2542297711774607
outer,9.286666452786747,298.5219028182333,-1.3706031828263496,-0.431545384247945,0.25650637120638903
outer,9.423492635124395,298.77306950182253,-1.3327721164344593,-0.432329012708334,0.25056019982549327
outer,9.475158169524185,298.6895681562812,-1.3145493741606935,-0.4200800199191947,0.25303088030318216
outer,9.526781430163137,298.60584809462586,-1.2955271659739391,-0.4076098417441404,0.2557203080598268
outer,9.578365316727409,298.52190281823334,-1.2757395092396195,-0.39500302167455004,0.25860811585763155
outer,9.71742597792487,298.77306950182253,-1.2316725971467803,-0.3926190075292464,0.2519378475473773
outer,9.768353519208178,298.6895681562812,-1.2096603415368823,-0.3790159574565857,0.2550728076457752
outer,9.819239390571166,298.60584809462586,-1.1869180238700345,-0.36548501069938544,0.25834763857281395
outer,9.870086450280725,298.5219028182334,-1.1635217401055098,-0.3521136234982275,0.26171690684226806
outer,10.011369315410551,298.7730695018225,-1.1098555314854284,-0.34583219903758944,0.254396143322734
outer,10.061558812331363,298.6895681562812,-1.0838747865108496,-0.33181896166593516,0.2578199113426962
outer,10.111707243214308,298.6058480946259,-1.057413247488874,-0.31819271434429675,0.26118850090368223
outer,10.161817424904205,298.5219028182334,-1.030553617676319,-0.30498916873366616,0.26444970295228887
outer,10.30531691971919,298.77306950182253,-0.9633218379022287,-0.2949701551188349,0.2555422773868871
outer,10.354768350400072,298.68956815628127,-0.9337847731533454,-0.28145461558340834,0.2582522390113763
outer,10.404179318943504,298.6058480946259,-0.9040949268667916,-0.26842541386747265,0.260664132072046
outer,10.453552600770863,298.5219028182333,-0.8743356264254359,-0.25586312654834203,0.26274895000653653
outer,10.599266289877942,298.77306950182253,-0.7878268482034595,-0.24101386211494785,0.24870351286445655
outer,10.64797964526485,298.6895681562812,-0.7555131066163665,-0.22761250304402827,0.24930982417350156
outer,10.69665314242205,298.6058480946259,-0.7235514011117066,-0.21459714386192547,0.2495017483820505
outer,10.745289515347123,298.52190281823334,-0.692043729200616,-0.20195276808305568,0.24929328293258599
outer,10.893216371528611,298.77306950182253,-0.5779207473089493,-0.17366376295250266,0.2232228030438688
outer,10.941191647973472,298.68956815628115,-0.5456482856507286,-0.1591008486810806,0.22114972044810843
outer,10.989127670099425,298.60584809462586,-0.514597780670772,-0.14502548059933318,0.21883305837228229
outer,11.03702713047989,298.52190281823334,-0.48482133140633155,-0.13144537404544668,0.2163046278636182
outer,11.187166729187917,298.77306950182253,-0.3458105341525212,-0.07502416613257729,0.17377101738215311
outer,11.234403925275563,298.68956815628127,-0.3207939237913271,-0.060525424118547146,0.17071695945421456
outer,11.281602470956166,298.6058480946259,-0.2975902904480901,-0.0468715316648245,0.16769357541571994
outer,11.328765017379094,298.5219028182334,-0.27610809265112324,-0.034029227247704845,0.1647048573151334
outer,11.481117191513423,298.77306950182253,-0.14992117227109786,0.04912020829789834,0.11479835402418596
outer,11.527616306707131,298.68956815628127,-0.13829404217785082,0.059370148427389066,0.11336322112449025
outer,11.57407737540627,298.60584809462586,-0.12787177635154484,0.06878134668574121,0.11195892050403304
outer,11.620503007335854,298.5219028182334,-0.11853114552129015,0.07741970716823307,0.11057536348682322
outer,11.77506769213907,298.7730695018226,-0.05145392299523706,0.16106645213622384,0.07102942010253634
outer,11.820828726242558,298.68956815628127,-0.04938852814570624,0.16555872171481428,0.07137779996783869
outer,11.866552317763905,298.6058480946259,-0.04757596686549446,0.1695911357896751,0.07160266337233157
outer,11.91224103500412,298.5219028182334,-0.0459796536658742,0.1732019991299188,0.07170960634163137
outer,12.06901820638385,298.7730695018226,-0.029665453072389998,0.23991593858490015,0.04731415972130583
outer,12.11404115932725,298.6895681562812,-0.02972631327395843,0.24062975654250435,0.04799670628865984
outer,12.159027273601087,298.6058480946259,-0.0297549358682934,0.24114200119870988,0.048526377407130325
outer,12.203979076082163,298.52190281823334,-0.02975235600672565,0.24146648486098082,0.04891449416024069
outer,12.362968725335698,298.7730695018226,-0.026724901252881714,0.29463308501829044,0.03264697897211293
outer,12.407253597094838,298.6895681562812,-0.026611734845094943,0.2931203061858734,0.033092852865683454
outer,12.451502234097093,298.60584809462586,-0.026475065278516736,0.2915228494291304,0.03342218648784009
outer,12.49571712179486,298.5219028182334,-0.02631664027340903,0.28984606372016525,0.03364337967730998
outer,12.656919245856654,298.77306950182253,-0.023708213538807157,0.33362774657057864,0.021593178294309734
outer,12.700466036423544,298.6895681562812,-0.023488261060678937,0.33062219541374893,0.02180558596154531
outer,12.743977196146128,298.6058480946259,-0.023252774888478413,0.3276011505770815,0.021932691198774827
outer,12.787455169052645,298.5219028182334,-0.023003385207747914,0.3245661486742102,0.021980448658407994
outer,12.950869766888841,298.7730695018226,-0.021021599095451572,0.36033336773437696,0.01319764470554309
outer,12.993678476260833,298.6895681562812,-0.020724031810077724,0.35635628679268627,0.013204578172269818
outer,13.036452158701097,298.6058480946259,-0.02041890252412459,0.35240422173174224,0.013151027306990165
outer,13.079193216813772,298.52190281823334,-0.02010739593390608,0.34847702021093585,0.013041157048308959
outer,13.24482028808158,298.77306950182253,-0.018643573398606682,0.3775010796922861,0.006790532151928985
outer,13.286890916257862,298.68956815628127,-0.01829723570501894,0.37291869241931436,0.006627230563491154
outer,13.328927121415045,298.6058480946259,-0.017949716531417984,0.36838497076130333,0.0064224473031345986
outer,13.370931264733011,298.52190281823334,-0.017601810096589766,0.36389893832350056,0.006179075221437624
outer,13.53877080932343,298.77306950182253,-0.01653906359749478,0.3872670472420565,0.0019038537409113987
outer,13.580103356303693,298.6895681562812,-0.016168796171021814,0.38233993998952975,0.001603764853551029
outer,13.621402084177541,298.6058480946259,-0.01580200057332451,0.37747459501314756,0.0012765225458225837
outer,13.662669312700594,298.52190281823334,-0.015439171248597339,0.372669634283822,0.0009241084463594978
outer,13.832721330579883,298.7730695018226,-0.014677486697648713,0.3912984546898187,-0.0018061203367525924
outer,13.87331579636408,298.68956815628127,-0.014303049431983614,0.3862129656683151,-0.0022139159237791334
outer,13.91387704695449,298.6058480946259,-0.013935229454342887,0.3811954645362565,-0.0026381900445278522
outer,13.954407360682477,298.5219028182334,-0.013574297596705687,0.37624440930787384,-0.0030776170568076744
outer,14.12667185184051,298.7730695018226,-0.013034581104494347,0.3909040496116887,-0.004600210649594053
outer,14.16652823642864,298.6895681562812,-0.012670657999940757,0.3857928186458339,-0.005091413888996782
outer,14.20635200973556,298.6058480946259,-0.01231527708635951,0.38075127867556385,-0.00559124583503863
outer,14.246145408668532,298.5219028182334,-0.01196854532237921,0.3757778658365978,-0.006098852218144435
outer,14.420622373102304,298.7730695018226,-0.011589427540851058,0.3871147820194089,-0.006680597440700542
outer,14.45974067649437,298.6895681562812,-0.01124621596615627,0.3820709351732761,-0.007235325710823609
outer,14.498826972517852,298.6058480946259,-0.010912522300352043,0.37709554215176855,-0.007793002100637728
outer,14.53788345665576,298.5219028182334,-0.010588336272963399,0.3721871031158026,-0.00835310807783228
outer,14.714572894364355,298.7730695018226,-0.010322794846697056,0.38074338206085495,-0.008205860287170047
outer,14.752953116560352,298.68956815628127,-0.010006756456825562,0.37583076163831364,-0.00880804792206745
outer,14.791301935300398,298.6058480946259,-0.009700498986886796,0.3709835157671407,-0.009409156154198572
outer,14.829621504643239,298.5219028182334,-0.009403931557977509,0.36620025847074805,-0.010008901807272486
outer,15.00852341562656,298.77306950182253,-0.009216340920921828,0.37242974873169926,-0.00930103026172914
outer,15.04616555662654,298.68956815628127,-0.008930962028307052,0.3676905062421218,-0.009937799923782797
outer,15.083776898083045,298.6058480946259,-0.008655113051414885,0.3630124873798506,-0.010570710723835378
outer,15.121359552630873,298.5219028182334,-0.008388651227065093,0.35839444567734846,-0.011199640575423539
outer,15.302473936888815,298.7730695018225,-0.00825240304167981,0.3626763643319843,-0.01006473792111759
outer,15.339377996692626,298.68956815628127,-0.007998893279923348,0.35813669212530597,-0.010725822220309406
outer,15.376251860865745,298.6058480946259,-0.007754311461572599,0.35365355905702134,-0.011381199791949528
outer,15.413097600618505,298.5219028182334,-0.007518485215749715,0.3492258674266351,-0.012030855076471184
outer,15.596424458151018,298.7730695018226,-0.0074140741909164976,0.3518764048322542,-0.010574570611602968
outer,15.632590436758814,298.6895681562812,-0.0071919763706375026,0.3475508943670954,-0.011251810126227016
outer,15.668726823648443,298.6058480946259,-0.0069779842920729696,0.3432770740237229,-0.011922180896173806
outer,15.704835648606139,298.5219028182334,-0.006771912874071327,0.3390539932173295,-0.01258573431801617
outer,15.890374979413274,298.7730695018226,-0.006685391828479763,0.34033628127304666,-0.010891247691869332
outer,15.92580287682495,298.68956815628127,-0.006493094725472964,0.3362312373895768,-0.011578169293997909
outer,15.961201786431142,298.6058480946259,-0.006307963024965647,0.3321731148835576,-0.01225755678514305
outer,15.996573696593773,298.5219028182334,-0.006129811331438806,0.32816110169429935,-0.012929500350595646
outer,16.184325500675477,298.77306950182253,-0.0060515378560723615,0.3282938004541227,-0.011061962502128375
outer,16.219015316891088,298.6895681562812,-0.005886693539023248,0.32440974776866754,-0.01175343250396238
outer,16.25367674921379,298.6058480946259,-0.005728033319477847,0.320568081684124,-0.012437055577465259
outer,16.288311744581407,298.5219028182334,-0.005575380134869218,0.3167681160500408,-0.01311294115010464
outer,16.47827602193768,298.7730695018226,-0.005498998830717229,0.31593280256887946,-0.011123100043757703
outer,16.512227756957223,298.6895681562812,-0.005358851262920891,0.31226636169197447,-0.011815043162215072
outer,16.546151711996487,298.6058480946259,-0.005223921451682698,0.3086380943474609,-0.012499070734229761
outer,16.58004979256904,298.52190281823334,-0.005094046252546003,0.3050474257682216,-0.013175298329623775
outer,16.772226543199935,298.77306950182253,-0.005015665133641857,0.30339492729082695,-0.01110246307482883
outer,16.80544019702341,298.68956815628127,-0.00489729955396357,0.2999401992965087,-0.011791637350524686
outer,16.838626674779185,298.60584809462586,-0.00478323860668288,0.29651979453075716,-0.012472991416513882
outer,16.87178784055667,298.52190281823334,-0.004673336229682357,0.2931332346363168,-0.013146638618815168
outer,17.06617706446214,298.77306950182253,-0.00459086563154687,0.29078902422322084,-0.011021096967909885
outer,17.098652637089547,298.68956815628127,-0.004491389584003719,0.2875385934192901,-0.011704915176642003
outer,17.131101637561834,298.6058480946259,-0.004395382210419192,0.2843190074241798,-0.012381114066459767
outer,17.163525888544253,298.5219028182334,-0.004302715841216623,0.2811298698600574,-0.013049799789403842
outer,17.360127585724392,298.7730695018226,-0.004215344183103029,0.278198629052674,-0.010894779704690813
outer,17.391865077155686,298.68956815628127,-0.004132011435603086,0.27514427242982165,-0.011571168731363969
outer,17.423576600344532,298.6058480946259,-0.004051401327933968,0.2721176424073922,-0.012240203235205513
outer,17.45526393653194,298.52190281823334,-0.0039734045352824154,0.26911841131356135,-0.012901979577242498
outer,17.654078106986596,298.7730695018226,-0.0038811892879722157,0.26568785625304914,-0.010735229390965134
outer,17.68507751722182,298.6895681562812,-0.0038114775776117785,0.2628210306464978,-0.011402520169770086
outer,17.71605156312723,298.6058480946259,-0.0037438367372593997,0.25997914946019085,-0.012062756126768152
outer,17.74700198451952,298.5219028182334,-0.003678174806135394,0.2571619419368647,-0.012716022834703418
outer,17.9480286282488,298.7730695018226,-0.0035817297453486704,0.25330600343155474,-0.010551073033851402
outer,17.97828995728796,298.6895681562812,-0.0035233825148009504,0.25061816715695934,-0.011207914812754668
outer,18.00852652590988,298.6058480946259,-0.003466546961774744,0.2479527984391705,-0.011858016756620772
outer,18.038740032507103,298.5219028182334,-0.003411146922370302,0.2453096732488064,-0.012501453677366853
outer,18.241979149511057,298.77306950182253,-0.0033114087824708052,0.24109111613810452,-0.010348614440212213
outer,18.271502397354094,298.6895681562812,-0.0032624499883975797,0.23857392997806307,-0.010993908182877508
outer,18.301001488692577,298.6058480946259,-0.003214530535571844,0.2360770067558008,-0.011632779567729415
outer,18.33047808049479,298.5219028182334,-0.0031675881863103827,0.23360016055879618,-0.01226529327705142
outer,18.53592967077326,298.77306950182253,-0.0030656478996154493,0.22907272205805995,-0.010132434529967004
outer,18.564714837420283,298.6895681562812,-0.0030243776686116122,0.22671816459261135,-0.010765281241531664
outer,18.593476451475276,298.6058480946259,-0.0029837531479206397,0.22438190501539812,-0.011392017609660021
outer,18.62221612848237,298.5219028182334,-0.0029437240507003207,0.22206378839054977,-0.012012699132049588
outer,18.829880192035514,298.77306950182253,-0.0028407093587787535,0.21727390922822062,-0.009905853463138152
outer,18.857927277486418,298.6895681562812,-0.0028056869257658754,0.21507433330497067,-0.010525514044130262
outer,18.885951414257974,298.6058480946259,-0.0027709859336597573,0.21289129920222982,-0.011139366218225089
outer,18.913954176470053,298.5219028182334,-0.0027365661125822865,0.2107246771278938,-0.011747457371334952
outer,19.123830713297718,298.77306950182253,-0.0026335641087507355,0.20571289249171054,-0.009671280423911736
outer,19.151139717552557,298.6895681562812,-0.002603583189319837,0.20366104288168546,-0.010277144346663568
outer,19.178426377040623,298.60584809462586,-0.0025736591741962744,0.20162416041897252,-0.010877489337701295
outer,19.20569222445769,298.5219028182334,-0.0025437600170654245,0.19960213574134422,-0.011472355743351259
outer,19.41778123455992,298.7730695018226,-0.002441770010432255,0.19440418600228765,-0.009430473429365809
outer,19.44435215761869,298.6895681562812,-0.0024158305104798328,0.19249319291741346,-0.010022034123005896
outer,19.47090133982332,298.60584809462586,-0.0023897338212110625,0.19059574947984104,-0.010608351939311214
outer,19.49743027244532,298.5219028182334,-0.002363454516014732,0.18871176298219378,-0.011189461182198573
outer,19.711731755822175,298.77306950182253,-0.002263363094614418,0.18335947697696536,-0.009184728332989035
outer,19.737564597684827,298.6895681562812,-0.0022406420020394113,0.18158283583928145,-0.009761563619887621
outer,19.76337630260602,298.6058480946259,-0.0022175915096049603,0.1798184631647588,-0.010333418559985277
outer,19.789168320432953,298.5219028182334,-0.0021941914192947845,0.1780662798926466,-0.010900322304325027
outer,20.00568227708438,298.7730695018225,-0.002096763217490527,0.17258827620002348,-0.008935013149562333
outer,20.030777037751015,298.6895681562812,-0.0020765866192410595,0.17093982073442504,-0.009496769460911603
outer,20.05585126538872,298.60584809462586,-0.002055942683099464,0.1693024711405951,-0.010053794799679307
outer,20.08090636842059,298.52190281823334,-0.0020348152744050427,0.16767615959776924,-0.010606113936520306
outer,20.299632798346583,298.77306950182253,-0.001940694270741651,0.16209840455393104,-0.008682060955315013
outer,20.323989477817154,298.6895681562812,-0.0019225117170358769,0.1605722777744464,-0.00922844036415623
outer,20.348326228171366,298.60584809462586,-0.00190375157836839,0.15905619793088285,-0.009770325611091694
outer,20.37264441640817,298.52190281823334,-0.0018844008184119992,0.15755010651996787,-0.010307737740463084
outer,20.593583319608836,298.77306950182253,-0.0017941182540915715,0.15189636100487508,-0.00842643219923684
outer,20.61720191788329,298.6895681562812,-0.001777480107081987,0.1504869868641941,-0.008957181543532679
outer,20.640801190954065,298.60584809462586,-0.0017601762525274109,0.14908669182860101,-0.009483661637667964
outer,20.664382464395853,298.52190281823334,-0.0017421959693276895,0.1476954251618643,-0.010005890346337906
outer,20.88753384087104,298.77306950182253,-0.0016561819828846969,0.14198760646159292,-0.008168554998980296
outer,20.910414357949424,298.6895681562812,-0.0016407199910881687,0.14068966359834234,-0.008683456559970777
outer,20.933276153736763,298.60584809462586,-0.0016245216772704102,0.1393999125438869,-0.009194302530587985
outer,20.956120512383485,298.52190281823334,-0.0016075780160131406,0.13811830906000963,-0.009701108057089871
outer,21.181484362133244,298.77306950182253,-0.001526174904450936,0.13237678894015123,-0.007908750066578873
outer,21.203626798015563,298.6895681562812,-0.0015115859668414222,0.1311851870658829,-0.008407613405581854
outer,21.22575111651941,298.60584809462586,-0.0014962038279855983,0.13000096128048402,-0.008902624168636238
outer,21.247858560371068,298.5219028182333,-0.001480020671099376,0.12882407279628197,-0.009393795168799346
outer,21.4754348833955,298.77306950182253,-0.0014034964454427284,0.12306792823331653,-0.007647245371836149
outer,21.49683923808175,298.6895681562812,-0.001389529310109626,0.12197778717980282,-0.008129900061260943
outer,21.51822607930211,298.60584809462586,-0.0013747227832724002,0.12089427040049458,-0.00860889509830029
outer,21.539596608358703,298.52190281823334,-0.001359069876117329,0.11981734368175845,-0.00908424129154662
outer,21.769385404657704,298.77306950182253,-0.0012876312265074734,0.11406457300772889,-0.007384184326661856
outer,21.790051678147886,298.6895681562812,-0.0012740758187719733,0.11307120404955112,-0.00785047339196604
outer,21.81070104208481,298.60584809462586,-0.0012596430745761798,0.11208376480417624,-0.008313286147432777
outer,21.831334656346336,298.52190281823334,-0.0012443265401971791,0.11110222488798924,-0.008772631687272704
outer,22.063335925919958,298.7730695018225,-0.0011781306358363448,0.10536993886005445,-0.007119630243450241
outer,22.08326411821402,298.68956815628115,-0.001164809628087713,0.10446882779993291,-0.007569404179777181
outer,22.10317600486751,298.60584809462586,-0.001150579637240929,0.1035730032871381,-0.008015876067734531
outer,22.123072704333968,298.52190281823334,-0.0011354345280181963,0.10268243812546288,-0.008459053538215786
outer,22.35728644718216,298.77306950182253,-0.0010745994895800977,0.09698703283570007,-0.006853568971910723
outer,22.37647655828016,298.6895681562812,-0.0010613617408185422,0.0961738242560479,-0.00728668027445744
outer,22.395650967650155,298.60584809462586,-0.0010471881185790122,0.09536530521685006,-0.007716655214312945
outer,22.414810752321603,298.5219028182334,-0.0010320726448042154,0.09456145115331815,-0.008143500188253983
outer,22.651236968444366,298.7730695018225,-0.0009766866914165534,0.08891876760741706,-0.006585910990995335
outer,22.669688998346295,298.6895681562812,-0.0009634022121156466,0.0881892496922301,-0.007002209164571307
outer,22.688125930432854,298.6058480946258,-0.0009491584990613394,0.08746386573158349,-0.007415528621836483
outer,22.706548800309236,298.52190281823334,-0.0009339496086784999,0.0867425933154074,-0.00782587474281161
outer,22.94518748970662,298.7730695018225,-0.0008840787649845479,0.08116806696729852,-0.006316493807554592
outer,22.962901438412484,298.68956815628115,-0.000870634883271014,0.08051815637804521,-0.006715820834776124
outer,22.980600893215552,298.60584809462586,-0.0008562109602389956,0.07987186124572732,-0.007112319352755674
outer,22.998286848296868,298.52190281823334,-0.0008408010010040046,0.07922916090258829,-0.007505993926575652
outer,23.239138010968823,298.77306950182253,-0.0007964956101103732,0.07373796312913115,-0.006045085122848858
outer,23.25611387847862,298.68956815628115,-0.0007827940839665835,0.07316368944399204,-0.006427271407911028
outer,23.2730758559982,298.6058480946258,-0.0007680934711221804,0.07259254582716324,-0.006806772626035488
outer,23.290024896284503,298.52190281823334,-0.0007523876722573819,0.07202451299618189,-0.0071835927223837664
outer,23.533088532231076,298.7730695018225,-0.0007136877768921211,0.06663168567418833,-0.005771386982443186
outer,23.549326318544757,298.68956815628115,-0.0006996426016601248,0.0661291750196849,-0.006136247784328325
outer,23.5655508187809,298.6058480946258,-0.0006845804286671024,0.06562933847012174,-0.006498560967542647
outer,23.581762944272135,298.52190281823334,-0.0006684950182581952,0.0651321578339484,-0.006858330047154519
outer,23.82703905349328,298.7730695018225,-0.0006354348095364941,0.05985274138617261,-0.005495041006522913
outer,23.842538758610893,298.68956815628115,-0.0006209705658896843,0.05941819889946941,-0.005842373393557643
outer,23.858025781563597,298.6058480946258,-0.0006054720380201106,0.05898590058361847,-0.006187290496889632
outer,23.873500992259768,298.5219028182333,-0.0005889328332887092,0.058555829092763426,-0.006529795587347193
outer,24.120989574755537,298.7730695018225,-0.0005615442716728168,0.053404984088623444,-0.005215634688102214
outer,24.13575119867708,298.6895681562812,-0.0005465948498100497,0.05303467493650639,-0.005545215055358949
outer,24.1505007443463,298.6058480946258,-0.000530594070849294,0.052666202929727554,-0.005872508366584619
outer,24.165239040247403,298.52190281823334,-0.0005135353927828226,0.052299551377733566,-0.006197517830212235
outer,24.41494009601774,298.7730695018225,-0.000491851017174005,0.0472926732690338,-0.004932708727647922
outer,24.428963638743166,298.68956815628115,-0.00047635859906117184,0.04698290196553073,-0.0052442909289725365
outer,24.442975707128944,298.60584809462586,-0.00045979764768289133,0.046674580835731165,-0.005553711342629209
outer,24.456977088234986,298.5219028182333,-0.0004421614921899762,0.04636769370490912,-0.005860973291602008
outer,24.708890617279945,298.7730695018225,-0.0004262166218231781,0.04152051995359415,-0.004645765450997503
outer,24.722176078809355,298.6895681562812,-0.0004101308582881609,0.041267607682309235,-0.004939079637224867
outer,24.735450669911643,298.60584809462574,-0.0003929590398543351,0.041015776099685576,-0.0052303556392837396
outer,24.748715136222668,298.5219028182333,-0.0003746944101817567,0.040765009451372104,-0.005519597074477534
outer,25.00284113854215,298.7730695018225,-0.0003645285802041428,0.036093718124968324,-0.004354278528572817
outer,25.01538851887549,298.68956815628115,-0.0003478059131643424,0.03589397775459788,-0.004629030800220909
outer,25.02792563269434,298.6058480946258,-0.0003299791737081184,0.03569496379236853,-0.004901868298623163
outer,25.04045318421025,298.5219028182333,-0.00031104157837249895,0.03549666086530334,-0.005172795112152552
outer,25.296791659804402,298.7730695018225,-0.00030669939773019655,0.03101795862859484,-0.004057704543916333
outer,25.30860095894163,298.68956815628115,-0.0002893025275188029,0.030867667021926476,-0.00431357760728566
outer,25.32040059547699,298.6058480946258,-0.0002707830264973409,0.03071776077534709,-0.004567660799404393
outer,25.332191232197886,298.52190281823334,-0.00025113415872299663,0.03056822491834378,-0.004819958850584468
outer,25.590742181066606,298.7730695018225,-0.0002526652850576398,0.02629942177012703,-0.0037554975196918217
outer,25.601813399007764,298.6895681562812,-0.0002345628392068297,0.026194788869958525,-0.003992152667724855
outer,25.612875558259688,298.60584809462586,-0.0002153187443784954,0.02609021189967152,-0.004227146262516534
outer,25.623929280185518,298.52190281823334,-0.00019492642239947802,0.02598567636150981,-0.00446048384644156
outer,25.88469270232881,298.7730695018225,-0.00020238440766468663,0.021944742122798958,-0.003447128532722381
outer,25.895025839073902,298.68956815628115,-0.00018355098097234263,0.02188187611688252,-0.0036642094336234534
outer,25.905350521042386,298.6058480946258,-0.00016355671014673355,0.021818747007702085,-0.003879762743116205
outer,25.91566732817315,298.5219028182333,-0.00014239531138409735,0.021755340914842432,-0.004093794979158594
outer,26.178643223591063,298.7730695018225,-0.00015583499510486362,0.0179609348812819,-0.0031321141720451026
outer,26.188238279140087,298.68956815628115,-0.0001362518874435158,0.01793580254944485,-0.003329253257114674
outer,26.19782548382509,298.6058480946258,-0.0001154891234274166,0.017910097765438976,-0.0035250069618045386
outer,26.207405376160786,298.5219028182333,-9.354089997450597e-05,0.01788380748544598,-0.0037193829350378924
outer,26.472593744853267,298.7730695018225,-0.00011301340323842824,0.014355266703181092,-0.0028100602278282667
outer,26.481450719206226,298.68956815628115,-9.267064519048913e-05,0.014363647871759314,-0.0029868889634960868
outer,26.490300446607733,298.6058480946258,-7.113077621326725e-05,0.014371156897659478,-0.0031624858516630244
outer,26.499143424148418,298.5219028182333,-4.8388720432484406e-05,0.014377781888608726,-0.003336859812575597
outer,26.76654426611552,298.7730695018225,-7.393259943850542e-05,0.01113504315554588,-0.002480731560682221
outer,26.77466315927236,298.6895681562812,-5.283332438942023e-05,0.01117247808273239,-0.002636896632690343
outer,26.78277540939043,298.6058480946258,-3.052250222820071e-05,0.011208751737787586,-0.0027919983671848697
outer,26.79088147213605,298.5219028182333,-6.9960914370528066e-06,0.011243853834497223,-0.0029460470646796664
outer,27.060494787377724,298.7730695018225,-3.862248735155959e-05,0.008307266963631803,-0.0021441666948174686
outer,27.0678755993385,298.6895681562812,-1.679174975509389e-05,0.008368995436779983,-0.0022793553852755504
outer,27.07525037217313,298.60584809462586,6.259228206026771e-06,0.008429286378885613,-0.002413668578342661
outer,27.082619520123686,298.5219028182333,3.0533070008162584e-05,0.008488131746644098,-0.0025471179979604684
outer,27.35444530863998,298.7730695018225,-7.135651817292976e-06,0.005878091914991533,-0.0018008689105913928
outer,27.361088039404635,298.68956815628115,1.5362456010351976e-05,0.005958983603970701,-0.0019148489395075614
outer,27.367725334955832,298.60584809462586,3.9079542314910884e-05,0.006038179038019137,-0.002028165720900751
outer,27.374357568111318,298.5219028182333,6.401638422847767e-05,0.00611567331500628,-0.002140832305321094
outer,27.648395829902185,298.7730695018225,2.0434175624396266e-05,0.00385195093891544,-0.0014521288138174447
outer,27.654300479470823,298.68956815628115,4.346542736319292e-05,0.003946429911383256,-0.0015448106457344
outer,27.660200297738477,298.6058480946258,6.769790271249744e-05,0.004038979685834597,-0.0016370715297093857
outer,27.66609561609895,298.5219028182333,9.312980672514628e-05,0.004129599487138777,-0.0017289255810867665
outer,27.94234635116439,298.7730695018225,4.391351354773301e-05,0.0022301671650159947,-0.0011005719269048559
outer,27.94751291953696,298.68956815628115,6.721437569167364e-05,0.0023321357968357935,-0.00117210664588174
outer,27.952675260521175,298.6058480946258,9.166971264778102e-05,0.0024319801922048894,-0.0012434990987450676
outer,27.957833664086586,298.5219028182333,0.00011727398087901125,0.0025297049717099796,-0.0013147639959467383
outer,28.236296872426642,298.7730695018225,6.292846752687991e-05,0.0010086968130234414,-0.0007511069656560484
outer,28.240725359603097,298.68956815628115,8.59698349532556e-05,0.0011114618086726963,-0.0008020472603776179
outer,28.245150223303877,298.6058480946258,0.00011006728296985722,0.001211966199602366,-0.000853166983189993
outer,28.249571712074165,298.52190281823334,0.00013521203849135984,0.001310223714018733,-0.0009044798616061579
outer,28.530247393688846,298.7730695018225,7.63430791039623e-05,0.00017430953434353178,-0.00041266489400747144
outer,28.533937799669232,298.68956815628115,9.803744368753786e-05,0.00027057092717001154,-0.00044423222814047914
outer,28.537625186086522,298.6058480946258,0.00012061995512492645,0.00036454880315814537,-0.00047634108720640955
outer,28.5413097600618,298.5219028182333,0.0001440845662013492,0.0004562727100845447,-0.0005089993667102405
outer,28.8241979149511,298.7730695018225,8.061942732040159e-05,-0.0003014899720195441,-0.00010143069356684738
outer,28.827150239735367,298.6895681562812,9.892875826287542e-05,-0.00021926961083877585,-0.00011587555183001597
outer,28.83010014886922,298.6058480946258,0.00011791563314788208,-0.00013912913320809515,-0.00013122394663000748
outer,28.833047808049432,298.52190281823334,0.00013758424715576943,-6.102466117762662e-05,-0.00014747030381586694
outer,29.118148436213303,298.7730695018225,6.810688547185018e-05,-0.0004696091137674671,0.0001540949465363717
outer,29.120362679801506,298.68956815628115,7.99144509645237e-05,-0.0004078954273393526,0.0001532417604006852
outer,29.12257511165192,298.60584809462586,9.221243705001672e-05,-0.0003477372334145115,0.00015122496618128639
outer,29.124785856037064,298.5219028182333,0.00010501174320545994,-0.00028910049863982857,0.00014806575663231693
outer,29.412098957475507,298.7730695018225,3.222311019090491e-05,-0.00040730617819360974,0.00030841404772663793
outer,29.413575119867694,298.6895681562812,3.368937173263127e-05,-0.0003692500739052248,0.0003164644945107903
outer,29.41505007443462,298.6058480946258,3.547056122351326e-05,-0.0003320173554514889,0.0003233158078205254
outer,29.4165239040247,298.52190281823334,3.7573312042454756e-05,-0.00029561227393465176,0.00032899313094119894
outer,29.70604947873776,298.7730695018225,-5.467853152240688e-06,-0.00021814469005697166,0.0003012791444140752
outer,29.70678755993383,298.6895681562812,-1.885768398434209e-05,-0.00020167144786475594,0.0003125101269615867
outer,29.707525037217266,298.6058480946258,-3.229914193942691e-05,-0.00018542920560629477,0.00032279211406404165
outer,29.708261952012332,298.5219028182333,-4.5775251339036485e-05,-0.00016944641757720837,0.0003321369360567988
outer,29.999999999999964,298.6895681562812,-4.027008174613806e-05,-0.00010024107690942875,0.0002605401054260842
outer,29.999999999999964,298.7730695018225,-1.825607960273304e-05,-0.00010712693116930118,0.00024920556080930124
outer,29.999999999999964,298.6058480946258,-6.26082942572083e-05,-9.33753175274952e-05,0.0002711251332939791
outer,29.999999999999964,298.52190281823334,-8.523896010412138e-05,-8.65583558063066e-05,0.00028096186393937526
